#Tile_Matrix
Total_Row	Total_Column	Total_Tile
38	136	220
#Tile_Matrix_Value
-1	-1	-1	-1	-1	-1	-1	-1	-1	-1	-1	-1	-1	-1	-1	-1	-1	-1	-1	-1	-1	-1	-1	-1	-1	-1	-1	-1	-1	-1	-1	-1	-1	-1	-1	-1	-1	-1	-1	-1	-1	-1	-1	-1	-1	-1	-1	-1	-1	-1	-1	-1	-1	-1	-1	-1	-1	-1	-1	-1	-1	-1	-1	-1	-1	-1	-1	-1	-1	-1	-1	-1	-1	-1	-1	-1	-1	-1	-1	-1	-1	-1	-1	-1	-1	-1	-1	-1	0	0	0	0	0	0	0	0	0	0	1	2	3	0	0	0	0	0	4	5	6	0	0	0	7	8	0	9	10	11	12	13	0	0	7	8	0	0	14	15	16	16	16	16	16	16	16	16	
-1	-1	-1	-1	-1	-1	-1	-1	-1	-1	-1	-1	-1	-1	-1	-1	-1	-1	-1	-1	-1	-1	-1	-1	-1	-1	-1	-1	-1	-1	-1	-1	-1	-1	-1	-1	-1	-1	-1	-1	-1	-1	-1	-1	-1	-1	-1	-1	-1	-1	-1	-1	-1	-1	-1	-1	-1	-1	-1	-1	-1	-1	-1	-1	-1	-1	-1	-1	-1	-1	-1	-1	-1	-1	-1	-1	-1	-1	-1	-1	-1	-1	-1	-1	-1	-1	-1	-1	0	0	0	0	0	0	0	0	0	0	17	18	19	1	2	3	0	20	21	22	23	0	0	0	24	25	0	26	27	11	12	28	2	3	24	25	0	0	14	15	29	29	29	29	29	30	16	16	
-1	-1	-1	-1	-1	-1	-1	-1	-1	-1	-1	-1	-1	-1	-1	-1	-1	-1	-1	-1	-1	-1	-1	-1	-1	-1	-1	-1	-1	-1	-1	-1	-1	-1	-1	-1	-1	-1	-1	-1	-1	-1	-1	-1	-1	-1	-1	-1	-1	-1	-1	-1	-1	-1	-1	-1	-1	-1	-1	-1	-1	-1	-1	-1	-1	-1	-1	-1	-1	-1	-1	-1	-1	-1	-1	-1	-1	-1	-1	-1	-1	-1	-1	-1	-1	-1	-1	-1	0	0	0	0	0	0	0	0	7	8	31	32	33	17	18	19	0	34	35	36	37	0	7	8	38	39	1	40	41	11	12	13	18	19	38	39	0	0	42	43	44	44	44	44	44	6	16	16	
-1	-1	-1	-1	-1	-1	-1	-1	-1	-1	-1	-1	-1	-1	-1	-1	-1	-1	-1	-1	-1	-1	-1	-1	-1	-1	-1	-1	-1	-1	-1	-1	-1	-1	-1	-1	-1	-1	-1	-1	-1	-1	-1	-1	-1	-1	-1	-1	-1	-1	-1	-1	-1	-1	-1	-1	-1	-1	-1	-1	-1	-1	-1	-1	-1	-1	-1	-1	-1	-1	-1	-1	-1	-1	-1	-1	-1	-1	-1	-1	-1	-1	-1	-1	-1	-1	-1	-1	0	0	0	0	45	0	45	0	24	25	0	46	47	31	32	33	0	48	49	36	50	51	52	53	54	55	56	57	58	11	12	59	32	33	60	61	47	0	0	0	62	62	62	62	62	6	16	16	
-1	-1	-1	-1	-1	-1	-1	-1	-1	-1	-1	-1	-1	-1	-1	-1	-1	-1	-1	-1	-1	-1	-1	-1	-1	-1	-1	-1	-1	-1	-1	-1	-1	-1	-1	-1	-1	-1	-1	-1	-1	-1	-1	-1	-1	-1	-1	-1	-1	-1	-1	-1	-1	-1	-1	-1	-1	-1	-1	-1	-1	-1	-1	-1	-1	-1	-1	-1	-1	-1	-1	-1	-1	-1	-1	-1	-1	-1	-1	-1	-1	-1	-1	-1	-1	-1	-1	-1	0	0	0	63	0	0	0	0	38	39	64	46	65	64	46	0	0	66	67	36	23	68	69	70	69	71	72	73	74	75	76	0	46	77	78	61	65	37	51	51	79	79	80	62	81	6	16	16	
-1	-1	-1	-1	-1	-1	-1	-1	-1	-1	-1	-1	-1	-1	-1	-1	-1	-1	-1	-1	-1	-1	-1	-1	-1	-1	-1	-1	-1	-1	-1	-1	-1	-1	-1	-1	-1	-1	-1	-1	-1	-1	-1	-1	-1	-1	-1	-1	-1	-1	-1	-1	-1	-1	-1	-1	-1	-1	-1	-1	-1	-1	-1	-1	-1	-1	-1	-1	-1	-1	-1	-1	-1	-1	-1	-1	-1	-1	-1	-1	-1	-1	-1	-1	-1	-1	-1	-1	0	82	5	83	0	0	0	0	54	55	84	85	86	87	88	51	51	89	90	91	51	87	54	55	54	92	93	88	94	95	85	51	88	94	96	55	86	50	58	58	97	97	50	62	98	6	16	16	
-1	-1	-1	-1	-1	-1	-1	-1	-1	-1	-1	-1	-1	-1	-1	-1	-1	-1	-1	-1	-1	-1	-1	-1	-1	-1	-1	-1	-1	-1	-1	-1	-1	-1	-1	-1	-1	-1	-1	-1	-1	-1	-1	-1	-1	-1	-1	-1	-1	-1	-1	-1	-1	-1	-1	-1	-1	-1	-1	-1	-1	-1	-1	-1	-1	-1	-1	-1	-1	-1	-1	-1	-1	-1	-1	-1	-1	-1	-1	-1	-1	-1	-1	-1	-1	-1	-1	-1	0	99	100	101	101	101	101	101	102	103	104	105	106	106	107	108	108	108	109	110	108	106	102	103	102	111	112	107	113	104	105	58	58	58	58	58	58	6	58	58	16	16	6	62	98	6	16	16	
-1	-1	-1	-1	-1	-1	-1	-1	-1	-1	-1	-1	-1	-1	-1	-1	-1	-1	-1	-1	-1	-1	-1	-1	-1	-1	-1	-1	-1	-1	-1	-1	-1	-1	-1	-1	-1	-1	-1	-1	-1	-1	-1	-1	-1	-1	-1	-1	-1	-1	-1	-1	-1	-1	-1	-1	-1	-1	-1	-1	-1	-1	-1	-1	-1	-1	-1	-1	-1	-1	-1	-1	-1	-1	-1	-1	-1	-1	-1	-1	-1	-1	-1	-1	-1	-1	-1	-1	0	114	115	116	116	116	116	116	-1	-1	-1	-1	-1	-1	-1	-1	-1	-1	-1	-1	-1	-1	-1	-1	-1	-1	-1	-1	-1	-1	-1	-1	-1	-1	-1	-1	-1	-1	-1	-1	16	16	6	62	98	6	16	16	
-1	-1	-1	-1	-1	-1	-1	-1	-1	-1	-1	-1	-1	-1	-1	-1	-1	-1	-1	-1	-1	-1	-1	-1	-1	-1	-1	-1	-1	-1	-1	-1	-1	-1	-1	-1	-1	-1	-1	-1	-1	-1	-1	-1	-1	-1	-1	-1	-1	-1	-1	-1	-1	-1	-1	-1	-1	-1	-1	-1	-1	-1	-1	-1	-1	-1	-1	-1	-1	-1	-1	-1	-1	-1	-1	-1	-1	-1	-1	-1	-1	-1	-1	-1	-1	-1	-1	-1	0	117	0	0	0	0	0	0	-1	-1	-1	-1	-1	-1	-1	-1	-1	-1	-1	-1	-1	-1	-1	-1	-1	-1	-1	-1	-1	-1	-1	-1	-1	-1	-1	-1	-1	-1	-1	-1	16	16	6	62	98	6	16	16	
-1	-1	-1	-1	-1	-1	-1	-1	-1	-1	-1	-1	-1	-1	-1	-1	-1	-1	-1	-1	-1	-1	-1	-1	-1	-1	-1	-1	-1	-1	-1	-1	-1	-1	-1	-1	-1	-1	-1	-1	-1	-1	-1	-1	-1	-1	-1	-1	-1	-1	-1	-1	-1	-1	-1	-1	-1	-1	-1	-1	-1	-1	-1	-1	-1	-1	-1	-1	-1	-1	-1	-1	-1	-1	-1	-1	-1	-1	-1	-1	-1	-1	-1	-1	-1	-1	-1	-1	0	117	63	0	63	0	63	20	-1	-1	-1	-1	-1	-1	-1	-1	-1	-1	-1	-1	-1	-1	-1	-1	-1	-1	-1	-1	-1	-1	-1	-1	-1	-1	-1	-1	-1	-1	-1	-1	16	16	6	62	98	6	16	16	
-1	-1	-1	-1	-1	-1	-1	-1	-1	-1	-1	-1	-1	-1	-1	-1	-1	-1	-1	-1	-1	-1	-1	-1	-1	-1	-1	-1	-1	-1	-1	-1	-1	-1	-1	-1	-1	-1	-1	-1	-1	-1	-1	-1	-1	-1	-1	-1	-1	-1	-1	-1	-1	-1	-1	-1	-1	-1	-1	-1	-1	-1	-1	-1	-1	-1	-1	-1	-1	-1	-1	-1	-1	-1	-1	-1	-1	-1	-1	-1	-1	-1	-1	-1	-1	-1	-1	-1	0	117	83	0	83	0	83	118	-1	-1	-1	-1	-1	-1	-1	-1	-1	-1	-1	-1	-1	-1	-1	-1	-1	-1	-1	-1	-1	-1	-1	-1	-1	-1	-1	-1	-1	-1	-1	-1	16	16	6	62	98	6	16	16	
-1	-1	-1	-1	-1	-1	-1	-1	-1	-1	-1	-1	-1	-1	-1	-1	-1	-1	-1	-1	-1	-1	-1	-1	-1	-1	-1	-1	-1	-1	-1	-1	-1	-1	-1	-1	-1	-1	-1	-1	-1	-1	-1	-1	-1	-1	-1	-1	-1	-1	-1	-1	-1	-1	-1	-1	-1	-1	-1	-1	-1	-1	-1	-1	-1	-1	-1	-1	-1	-1	-1	-1	-1	-1	-1	-1	-1	-1	-1	-1	-1	-1	-1	-1	-1	-1	-1	-1	0	117	0	0	0	0	0	119	-1	-1	-1	-1	-1	-1	-1	-1	-1	-1	-1	-1	-1	-1	-1	-1	-1	-1	-1	-1	-1	-1	-1	-1	-1	-1	-1	-1	-1	-1	-1	-1	16	16	6	62	98	6	16	16	
-1	-1	-1	-1	-1	-1	-1	-1	-1	-1	-1	-1	-1	-1	-1	-1	-1	-1	-1	-1	-1	-1	-1	-1	-1	-1	-1	-1	-1	-1	-1	-1	-1	-1	-1	-1	-1	-1	-1	-1	-1	-1	-1	-1	-1	-1	-1	-1	-1	-1	-1	-1	-1	-1	-1	-1	-1	-1	-1	-1	-1	-1	-1	-1	-1	-1	-1	-1	-1	-1	-1	-1	-1	-1	-1	-1	-1	-1	-1	-1	-1	-1	-1	-1	-1	-1	-1	-1	0	117	0	0	0	0	0	119	-1	-1	-1	-1	-1	-1	-1	-1	-1	-1	-1	-1	-1	-1	-1	-1	-1	-1	-1	-1	-1	-1	-1	-1	-1	-1	-1	-1	-1	-1	-1	-1	16	16	6	62	98	6	16	16	
-1	-1	-1	-1	-1	-1	-1	-1	-1	-1	-1	-1	-1	-1	-1	-1	-1	-1	-1	-1	-1	-1	-1	-1	-1	-1	-1	-1	-1	-1	-1	-1	-1	-1	-1	-1	-1	-1	-1	-1	-1	-1	-1	-1	-1	-1	-1	-1	-1	-1	-1	-1	-1	-1	-1	-1	-1	-1	-1	-1	-1	-1	-1	-1	-1	-1	-1	-1	-1	-1	-1	-1	-1	-1	-1	-1	-1	-1	-1	-1	-1	-1	-1	-1	-1	-1	-1	-1	120	121	120	26	27	27	122	118	-1	-1	-1	-1	-1	-1	-1	-1	-1	-1	-1	-1	-1	-1	-1	-1	-1	-1	-1	-1	-1	-1	-1	-1	-1	-1	-1	-1	-1	-1	-1	-1	16	16	6	62	98	6	16	16	
-1	-1	-1	-1	-1	-1	-1	-1	-1	-1	-1	-1	-1	-1	-1	-1	-1	-1	-1	-1	-1	-1	-1	-1	-1	-1	-1	-1	-1	-1	-1	-1	-1	-1	-1	-1	-1	-1	-1	-1	-1	-1	-1	-1	-1	-1	-1	-1	-1	-1	-1	-1	-1	-1	-1	-1	-1	-1	-1	-1	-1	-1	-1	-1	-1	-1	-1	-1	-1	-1	-1	-1	-1	-1	-1	-1	-1	-1	-1	-1	-1	-1	-1	-1	-1	-1	-1	-1	123	123	123	27	27	27	122	119	-1	-1	-1	-1	-1	-1	-1	-1	-1	-1	-1	-1	-1	-1	-1	-1	-1	-1	-1	-1	-1	-1	-1	-1	-1	-1	-1	-1	-1	-1	-1	-1	16	16	6	62	98	6	16	16	
-1	-1	-1	-1	-1	-1	-1	-1	-1	-1	-1	-1	-1	-1	-1	-1	-1	-1	-1	-1	-1	-1	-1	-1	-1	-1	-1	-1	-1	-1	-1	-1	-1	-1	-1	-1	-1	-1	-1	-1	-1	-1	-1	-1	-1	-1	-1	-1	0	1	2	3	0	0	0	0	0	0	1	2	3	0	0	0	0	0	0	0	0	0	0	0	0	0	0	0	0	0	0	0	0	0	124	125	0	0	0	0	0	0	0	124	125	0	0	118	-1	-1	-1	-1	-1	-1	-1	-1	-1	-1	-1	-1	-1	-1	-1	-1	-1	-1	-1	-1	-1	-1	-1	-1	-1	-1	-1	-1	-1	-1	-1	-1	16	16	6	62	98	6	16	16	
-1	-1	-1	-1	-1	-1	-1	-1	-1	-1	-1	-1	-1	-1	-1	-1	-1	-1	-1	-1	-1	-1	-1	-1	-1	-1	-1	-1	-1	-1	-1	-1	-1	-1	-1	-1	-1	-1	-1	-1	-1	-1	-1	-1	-1	-1	-1	-1	0	17	18	19	0	0	7	8	0	0	17	18	19	1	2	3	0	0	0	0	0	0	0	0	0	0	0	0	0	0	0	0	0	82	126	127	51	128	0	0	1	2	3	129	127	51	130	131	-1	-1	-1	-1	-1	-1	-1	-1	-1	-1	-1	-1	-1	-1	-1	-1	-1	-1	-1	-1	-1	-1	-1	-1	-1	-1	-1	-1	-1	-1	-1	-1	16	16	6	62	98	6	16	16	
-1	-1	-1	-1	-1	-1	-1	-1	-1	-1	-1	-1	-1	-1	-1	-1	-1	-1	-1	-1	-1	-1	-1	-1	-1	-1	-1	-1	-1	-1	-1	-1	-1	-1	-1	-1	-1	-1	-1	-1	-1	-1	-1	-1	-1	-1	-1	-1	0	31	32	132	2	3	24	25	7	8	31	32	33	17	18	19	0	0	0	0	0	0	0	0	0	0	0	0	0	0	0	0	0	99	133	70	10	59	7	8	17	134	19	135	136	137	138	139	-1	-1	-1	-1	-1	-1	-1	-1	-1	-1	-1	-1	-1	-1	-1	-1	-1	-1	-1	-1	-1	-1	-1	-1	-1	-1	-1	-1	-1	-1	-1	-1	16	16	6	62	98	6	16	16	
-1	-1	-1	-1	-1	-1	-1	-1	-1	-1	-1	-1	-1	-1	-1	-1	-1	-1	-1	-1	-1	-1	-1	-1	-1	-1	-1	-1	-1	-1	-1	-1	-1	-1	-1	-1	-1	-1	-1	-1	-1	-1	-1	-1	-1	-1	-1	-1	0	0	46	17	18	19	38	39	24	25	0	46	47	31	32	33	0	37	0	0	0	37	0	0	0	37	0	0	0	37	0	0	0	140	141	142	51	51	52	143	31	32	33	144	145	146	147	148	-1	-1	-1	-1	-1	-1	-1	-1	-1	-1	-1	-1	-1	-1	-1	-1	-1	-1	-1	-1	-1	-1	-1	-1	-1	-1	-1	-1	-1	-1	-1	-1	16	16	6	62	98	6	16	16	
-1	-1	-1	-1	-1	-1	-1	-1	-1	-1	-1	-1	-1	-1	-1	-1	-1	-1	-1	-1	-1	-1	-1	-1	-1	-1	-1	-1	-1	-1	-1	-1	-1	-1	-1	-1	-1	-1	-1	-1	-1	-1	-1	-1	-1	-1	-1	-1	0	0	46	31	32	149	78	61	38	39	64	46	65	64	46	0	150	50	0	0	150	50	0	0	150	50	0	0	150	50	0	0	0	140	141	151	68	152	69	153	64	46	63	60	154	155	156	110	-1	-1	-1	-1	-1	-1	-1	-1	-1	-1	-1	-1	-1	-1	-1	-1	-1	-1	-1	-1	-1	-1	-1	-1	-1	-1	-1	-1	-1	-1	-1	-1	16	16	6	62	98	6	16	16	
-1	-1	-1	-1	-1	-1	-1	-1	-1	-1	-1	-1	-1	-1	-1	-1	-1	-1	-1	-1	-1	-1	-1	-1	-1	-1	-1	-1	-1	-1	-1	-1	-1	-1	-1	-1	-1	-1	-1	-1	-1	-1	-1	-1	-1	-1	-1	-1	0	20	88	51	157	158	96	55	54	55	84	85	86	87	88	51	57	6	0	150	159	6	0	150	57	6	0	150	159	6	0	150	51	160	161	55	87	86	54	162	87	88	163	54	164	165	67	148	-1	-1	-1	-1	-1	-1	-1	-1	-1	-1	-1	-1	-1	-1	-1	-1	-1	-1	-1	-1	-1	-1	-1	-1	-1	-1	-1	-1	-1	-1	-1	-1	16	16	6	62	98	6	16	16	
-1	-1	-1	-1	-1	-1	-1	-1	-1	-1	-1	-1	-1	-1	-1	-1	-1	-1	-1	-1	-1	-1	-1	-1	-1	-1	-1	-1	-1	-1	-1	-1	-1	-1	-1	-1	-1	-1	-1	-1	-1	-1	-1	-1	-1	-1	-1	-1	0	118	58	58	104	105	166	103	102	103	104	105	106	106	107	108	108	6	0	9	10	6	0	167	108	6	0	9	10	6	0	167	108	109	168	70	152	152	69	50	106	107	108	102	111	112	109	110	-1	-1	-1	-1	-1	-1	-1	-1	-1	-1	-1	-1	-1	-1	-1	-1	-1	-1	-1	-1	-1	-1	-1	-1	-1	-1	-1	-1	-1	-1	-1	-1	16	16	6	62	98	6	16	16	
-1	-1	-1	-1	-1	-1	-1	-1	-1	-1	-1	-1	-1	-1	-1	-1	-1	-1	-1	-1	-1	-1	-1	-1	-1	-1	-1	-1	-1	-1	-1	-1	-1	-1	-1	-1	-1	-1	-1	-1	-1	-1	-1	-1	-1	-1	-1	-1	0	169	116	116	170	171	172	58	-1	-1	-1	-1	-1	-1	-1	-1	-1	-1	-1	-1	-1	-1	-1	-1	-1	-1	-1	-1	-1	-1	-1	-1	-1	-1	-1	-1	-1	-1	-1	-1	-1	-1	-1	-1	-1	-1	-1	-1	-1	-1	-1	-1	-1	-1	-1	-1	-1	-1	-1	-1	-1	-1	-1	-1	-1	-1	-1	-1	-1	-1	-1	-1	-1	-1	-1	-1	-1	-1	-1	-1	16	16	6	62	98	6	16	16	
-1	-1	-1	-1	-1	-1	-1	-1	-1	-1	-1	-1	-1	-1	-1	-1	-1	-1	-1	-1	-1	-1	-1	-1	-1	-1	-1	-1	-1	-1	-1	-1	-1	-1	-1	-1	-1	-1	-1	-1	-1	-1	-1	-1	-1	-1	-1	-1	0	117	0	0	0	0	173	174	-1	-1	-1	-1	-1	-1	-1	-1	-1	-1	-1	-1	-1	-1	-1	-1	-1	-1	-1	-1	-1	-1	-1	-1	-1	-1	-1	-1	-1	-1	-1	-1	-1	-1	-1	-1	-1	-1	-1	-1	-1	-1	-1	-1	-1	-1	-1	-1	-1	-1	-1	-1	-1	-1	-1	-1	-1	-1	-1	-1	-1	-1	-1	-1	-1	-1	-1	-1	-1	-1	-1	-1	16	16	6	62	98	6	16	16	
-1	-1	-1	-1	-1	-1	-1	-1	-1	-1	-1	-1	-1	-1	-1	-1	-1	-1	-1	-1	-1	-1	-1	-1	-1	-1	-1	-1	-1	-1	-1	-1	-1	-1	-1	-1	-1	-1	-1	-1	-1	-1	-1	-1	-1	-1	-1	-1	0	175	176	27	177	0	0	178	-1	-1	-1	-1	-1	-1	-1	-1	-1	-1	-1	-1	-1	-1	-1	-1	-1	-1	-1	-1	-1	-1	-1	-1	-1	-1	-1	-1	-1	-1	-1	-1	-1	-1	-1	-1	-1	-1	-1	-1	-1	-1	-1	-1	-1	-1	-1	-1	-1	-1	-1	-1	-1	-1	-1	-1	-1	-1	-1	-1	-1	-1	-1	-1	-1	-1	-1	-1	-1	-1	-1	-1	16	16	6	62	98	6	16	16	
-1	-1	-1	-1	-1	-1	-1	-1	-1	-1	-1	-1	-1	-1	-1	-1	-1	-1	-1	-1	-1	-1	-1	-1	-1	-1	-1	-1	-1	-1	-1	-1	-1	-1	-1	-1	-1	-1	-1	-1	-1	-1	-1	-1	-1	-1	-1	-1	0	0	6	0	179	176	0	180	-1	-1	-1	-1	-1	-1	-1	-1	-1	-1	-1	-1	-1	-1	-1	-1	-1	-1	-1	-1	-1	-1	-1	-1	-1	-1	-1	-1	-1	-1	-1	-1	-1	-1	-1	-1	-1	-1	-1	-1	-1	-1	-1	-1	-1	-1	-1	-1	-1	-1	-1	-1	-1	-1	-1	-1	-1	-1	-1	-1	-1	-1	-1	-1	-1	-1	-1	-1	-1	-1	-1	-1	16	16	6	62	98	6	16	16	
-1	-1	-1	-1	-1	-1	-1	-1	-1	-1	-1	-1	-1	-1	-1	-1	-1	-1	-1	-1	-1	-1	-1	-1	-1	-1	-1	-1	-1	-1	-1	-1	-1	-1	-1	-1	-1	-1	-1	-1	-1	-1	-1	-1	-1	-1	-1	-1	0	0	6	0	119	6	181	182	-1	-1	-1	-1	-1	-1	-1	-1	-1	-1	-1	-1	-1	-1	-1	-1	-1	-1	-1	-1	-1	-1	-1	-1	-1	-1	-1	-1	-1	-1	-1	-1	-1	-1	-1	-1	-1	-1	-1	-1	-1	-1	-1	-1	-1	-1	-1	-1	-1	-1	-1	-1	-1	-1	-1	-1	-1	-1	-1	-1	-1	-1	-1	-1	-1	-1	-1	-1	-1	-1	-1	-1	16	16	6	62	98	6	16	16	
-1	-1	-1	-1	-1	-1	-1	-1	-1	-1	-1	-1	-1	-1	-1	-1	-1	-1	-1	-1	-1	-1	-1	-1	-1	-1	-1	-1	-1	-1	-1	-1	-1	-1	-1	-1	-1	-1	-1	-1	-1	-1	-1	-1	-1	-1	-1	-1	0	0	6	0	169	183	184	66	-1	-1	-1	-1	-1	-1	-1	-1	-1	-1	-1	-1	-1	-1	-1	-1	-1	-1	-1	-1	-1	-1	-1	-1	-1	-1	-1	-1	-1	-1	-1	-1	-1	-1	-1	-1	-1	-1	-1	-1	-1	-1	-1	-1	-1	-1	-1	-1	-1	-1	-1	-1	-1	-1	-1	-1	-1	-1	-1	-1	-1	-1	-1	-1	-1	-1	-1	-1	-1	-1	-1	-1	185	29	6	62	186	6	29	187	
-1	-1	-1	-1	-1	-1	-1	-1	-1	-1	-1	-1	-1	-1	-1	-1	-1	-1	-1	-1	-1	-1	-1	-1	-1	-1	-1	-1	-1	-1	-1	-1	-1	-1	-1	-1	-1	-1	-1	-1	-1	-1	-1	-1	-1	-1	-1	-1	120	120	188	120	175	176	189	34	-1	-1	-1	-1	-1	-1	-1	-1	-1	-1	-1	-1	-1	-1	-1	-1	-1	-1	-1	-1	-1	-1	-1	-1	-1	-1	-1	-1	-1	-1	-1	-1	-1	-1	-1	-1	-1	-1	-1	-1	-1	-1	-1	-1	-1	-1	-1	-1	-1	-1	-1	-1	-1	-1	-1	-1	-1	-1	-1	-1	-1	-1	-1	-1	-1	-1	-1	-1	-1	-1	-1	-1	190	44	191	62	62	191	44	192	
-1	-1	-1	-1	-1	-1	-1	-1	-1	-1	-1	-1	-1	-1	-1	-1	-1	-1	-1	-1	-1	-1	-1	-1	-1	-1	-1	-1	-1	-1	-1	-1	-1	-1	-1	-1	-1	-1	-1	-1	-1	-1	-1	-1	-1	-1	-1	-1	123	123	123	123	27	23	122	66	-1	-1	-1	-1	-1	-1	-1	-1	-1	-1	-1	-1	-1	-1	-1	-1	-1	-1	-1	-1	-1	-1	-1	-1	-1	-1	-1	-1	-1	-1	-1	-1	-1	-1	-1	-1	-1	-1	-1	-1	-1	-1	-1	-1	-1	-1	-1	-1	-1	-1	-1	-1	-1	-1	-1	-1	-1	-1	-1	-1	-1	-1	-1	-1	-1	-1	-1	-1	-1	-1	-1	-1	193	62	62	62	62	62	62	194	
0	0	1	2	3	0	0	0	7	8	0	0	0	0	0	0	0	0	1	2	3	0	0	0	0	0	0	0	0	0	0	0	0	0	0	0	0	0	0	0	0	0	0	7	8	0	0	0	0	0	0	124	125	0	0	118	-1	-1	-1	-1	-1	-1	-1	-1	-1	-1	-1	-1	-1	-1	-1	-1	-1	-1	-1	-1	-1	-1	-1	-1	-1	-1	-1	-1	-1	-1	-1	-1	-1	-1	-1	-1	-1	-1	-1	-1	-1	-1	-1	-1	-1	-1	-1	-1	-1	-1	-1	-1	-1	-1	-1	-1	-1	-1	-1	-1	-1	-1	-1	-1	-1	-1	-1	-1	-1	-1	-1	-1	193	62	62	62	62	62	62	194	
0	0	17	18	19	1	2	3	24	25	0	0	0	0	0	0	0	0	17	18	19	1	2	3	0	0	0	0	0	0	0	0	0	0	0	0	0	0	0	0	7	8	0	24	25	0	0	0	1	2	3	129	127	51	130	131	-1	-1	-1	-1	-1	-1	-1	-1	-1	-1	-1	-1	-1	-1	-1	-1	-1	-1	-1	-1	-1	-1	-1	-1	-1	-1	-1	-1	-1	-1	-1	-1	-1	-1	-1	-1	-1	-1	-1	-1	-1	-1	-1	-1	-1	-1	-1	-1	-1	-1	-1	-1	-1	-1	-1	-1	-1	-1	-1	-1	-1	-1	-1	-1	-1	-1	-1	-1	-1	-1	-1	-1	193	62	62	62	62	62	62	194	
7	8	31	32	33	17	18	19	38	195	2	3	196	197	0	0	7	8	31	32	33	17	18	19	0	0	0	0	0	0	0	0	0	0	0	0	0	0	0	0	24	25	0	38	39	0	7	8	17	134	19	135	136	137	138	139	-1	-1	-1	-1	-1	-1	-1	-1	-1	-1	-1	-1	-1	-1	-1	-1	-1	-1	-1	-1	-1	-1	-1	-1	-1	-1	-1	-1	-1	-1	-1	-1	-1	-1	-1	-1	-1	-1	-1	-1	-1	-1	-1	-1	-1	-1	-1	-1	-1	-1	-1	-1	-1	-1	-1	-1	-1	-1	-1	-1	-1	-1	-1	-1	-1	-1	-1	-1	-1	-1	-1	-1	193	62	62	62	62	62	62	194	
24	25	0	46	47	31	32	33	60	198	199	200	104	105	128	0	24	25	0	46	47	31	32	33	0	37	0	0	0	37	0	0	0	37	0	0	0	37	0	0	38	39	37	60	201	51	202	203	31	32	33	144	145	146	147	148	-1	-1	-1	-1	-1	-1	-1	-1	-1	-1	-1	-1	-1	-1	-1	-1	-1	-1	-1	-1	-1	-1	-1	-1	-1	-1	-1	-1	-1	-1	-1	-1	-1	-1	-1	-1	-1	-1	-1	-1	-1	-1	-1	-1	-1	-1	-1	-1	-1	-1	-1	-1	-1	-1	-1	-1	-1	-1	-1	-1	-1	-1	-1	-1	-1	-1	-1	-1	-1	-1	-1	-1	204	79	80	79	79	80	79	205	
38	39	64	46	65	64	46	0	206	207	57	58	11	12	208	128	38	39	64	46	65	64	46	0	150	50	0	0	150	50	0	0	150	50	0	0	150	50	0	0	60	209	50	60	210	211	212	213	64	46	63	60	154	155	156	110	-1	-1	-1	-1	-1	-1	-1	-1	-1	-1	-1	-1	-1	-1	-1	-1	-1	-1	-1	-1	-1	-1	-1	-1	-1	-1	-1	-1	-1	-1	-1	-1	-1	-1	-1	-1	-1	-1	-1	-1	-1	-1	-1	-1	-1	-1	-1	-1	-1	-1	-1	-1	-1	-1	-1	-1	-1	-1	-1	-1	-1	-1	-1	-1	-1	-1	-1	-1	-1	-1	-1	-1	148	58	50	58	58	50	58	90	
54	55	84	85	86	87	88	51	214	103	107	108	11	12	58	215	54	55	84	85	86	87	88	51	57	6	0	150	159	6	0	150	57	6	0	150	159	6	0	150	54	216	6	54	92	93	217	218	87	88	163	54	164	165	67	148	-1	-1	-1	-1	-1	-1	-1	-1	-1	-1	-1	-1	-1	-1	-1	-1	-1	-1	-1	-1	-1	-1	-1	-1	-1	-1	-1	-1	-1	-1	-1	-1	-1	-1	-1	-1	-1	-1	-1	-1	-1	-1	-1	-1	-1	-1	-1	-1	-1	-1	-1	-1	-1	-1	-1	-1	-1	-1	-1	-1	-1	-1	-1	-1	-1	-1	-1	-1	-1	-1	-1	-1	-1	-1	-1	-1	-1	-1	-1	-1	
102	103	104	105	106	106	107	108	102	103	107	108	11	12	108	108	102	103	104	105	106	106	107	108	108	6	0	9	10	6	0	167	108	6	0	9	10	6	0	167	102	103	6	58	58	58	219	139	106	107	108	102	111	112	109	110	-1	-1	-1	-1	-1	-1	-1	-1	-1	-1	-1	-1	-1	-1	-1	-1	-1	-1	-1	-1	-1	-1	-1	-1	-1	-1	-1	-1	-1	-1	-1	-1	-1	-1	-1	-1	-1	-1	-1	-1	-1	-1	-1	-1	-1	-1	-1	-1	-1	-1	-1	-1	-1	-1	-1	-1	-1	-1	-1	-1	-1	-1	-1	-1	-1	-1	-1	-1	-1	-1	-1	-1	-1	-1	-1	-1	-1	-1	-1	-1	
-1	-1	-1	-1	-1	-1	-1	-1	-1	-1	-1	-1	-1	-1	-1	-1	-1	-1	-1	-1	-1	-1	-1	-1	-1	-1	-1	-1	-1	-1	-1	-1	-1	-1	-1	-1	-1	-1	-1	-1	-1	-1	-1	-1	-1	-1	-1	-1	-1	-1	-1	-1	-1	-1	-1	-1	-1	-1	-1	-1	-1	-1	-1	-1	-1	-1	-1	-1	-1	-1	-1	-1	-1	-1	-1	-1	-1	-1	-1	-1	-1	-1	-1	-1	-1	-1	-1	-1	-1	-1	-1	-1	-1	-1	-1	-1	-1	-1	-1	-1	-1	-1	-1	-1	-1	-1	-1	-1	-1	-1	-1	-1	-1	-1	-1	-1	-1	-1	-1	-1	-1	-1	-1	-1	-1	-1	-1	-1	-1	-1	-1	-1	-1	-1	-1	-1	
#Tile_Matrix_End
#Objects
ObjCount
244
ObjID	TypeID	PosX	PosY	Width	Height	PosXCollide	PosYCollide	WidthCollide	HeightCollide
0	340	128	145	8	8	124	149	8	8
1	340	1664	145	8	8	1660	149	8	8
2	340	1664	263	8	8	1660	267	8	8
3	340	1664	503	8	8	1660	507	8	8
4	340	1664	624	8	8	1660	628	8	8
5	340	2944	624	8	8	2940	628	8	8
6	340	2944	743	8	8	2940	747	8	8
7	340	2944	983	8	8	2940	987	8	8
8	340	2944	1105	8	8	2940	1109	8	8
15	22	193	63	384	16	1	71	384	16
16	22	320	95	127	16	257	103	127	16
17	22	352	127	63	16	321	135	63	16
18	22	329	112	16	16	321	120	16	16
19	22	416	160	64	16	384	168	64	16
21	22	416	144	64	16	384	152	64	16
22	22	463	127	31	16	448	135	31	16
23	22	440	111	16	16	432	119	16	16
24	22	479	95	63	16	448	103	63	16
25	22	609	63	322	16	448	71	322	16
26	22	503	79	16	16	495	87	16	16
27	22	785	95	32	16	769	103	32	16
28	22	777	79	16	16	769	87	16	16
29	22	808	98	16	76	800	136	16	76
30	22	824	84	16	105	816	136	16	105
31	22	897	63	64	16	865	71	64	16
33	22	873	47	16	16	865	55	16	16
34	22	913	95	32	16	897	103	32	16
35	22	936	84	16	104	928	136	16	104
36	22	952	84	16	105	944	136	16	105
38	22	1024	63	62	16	993	71	62	16
39	22	1040	95	31	16	1025	103	31	16
40	22	1033	79	16	16	1025	87	16	16
41	22	1064	89	16	95	1056	136	16	95
42	22	1080	84	16	104	1072	136	16	104
43	22	1152	63	63	16	1121	71	63	16
44	22	1129	47	16	16	1121	55	16	16
45	22	1169	95	32	16	1153	103	32	16
46	22	1192	85	16	102	1184	136	16	102
47	22	1208	84	16	105	1200	136	16	105
48	22	1296	63	95	16	1249	71	95	16
49	22	1328	95	31	16	1313	103	31	16
50	22	1352	85	16	103	1344	136	16	103
51	22	1368	85	16	103	1360	136	16	103
52	22	1560	63	369	16	1376	71	369	16
53	22	1728	79	31	16	1713	87	31	16
54	22	1737	127	16	16	1729	135	16	16
55	22	1721	143	16	16	1713	151	16	16
56	22	1720	159	47	16	1697	167	47	16
57	22	1640	143	16	16	1632	151	16	16
58	22	1624	95	16	16	1616	103	16	16
59	22	1584	175	32	16	1568	183	32	16
60	22	1457	127	64	16	1425	135	64	16
61	22	1504	144	31	16	1489	152	31	16
62	22	1504	127	31	16	1489	135	31	16
64	22	1720	191	144	16	1648	199	144	16
65	22	1752	111	16	16	1744	119	16	16
66	22	1752	95	16	16	1744	103	16	16
72	23	1768	288	16	175	1760	375	16	175
73	23	1672	377	16	125	1664	439	16	125
74	23	1576	495	16	112	1568	551	16	112
76	22	1784	287	16	176	1776	375	16	176
77	22	1751	320	16	111	1743	375	16	111
78	22	1734	367	16	16	1726	375	16	16
79	22	1719	391	16	34	1711	408	16	34
81	22	1704	391	16	34	1696	408	16	34
82	22	1688	392	16	95	1680	439	16	95
83	22	1719	352	47	16	1696	360	47	16
84	22	1704	303	79	16	1665	311	79	16
85	22	1615	271	161	16	1535	279	161	16
86	22	1615	431	95	16	1568	439	95	16
88	22	1608	367	16	110	1600	422	16	110
89	22	1624	367	16	110	1616	422	16	110
90	30	1544	288	16	16	1536	296	16	16
91	30	1560	288	16	16	1552	296	16	16
92	30	1576	288	16	16	1568	296	16	16
93	30	1592	288	16	16	1584	296	16	16
94	30	1608	288	16	16	1600	296	16	16
95	30	1624	288	16	16	1616	296	16	16
96	30	1640	288	16	16	1632	296	16	16
97	30	1656	288	16	16	1648	296	16	16
99	22	1784	416	16	49	1776	440	16	49
100	22	1776	448	32	16	1760	456	32	16
101	22	1784	464	16	16	1776	472	16	16
102	22	1760	480	64	16	1728	488	64	16
103	22	1752	496	80	16	1712	504	80	16
104	22	1816	543	465	16	1584	551	465	16
105	22	1647	512	127	16	1584	520	127	16
106	22	1592	528	16	16	1584	536	16	16
107	22	2057	567	16	32	2049	583	16	32
108	22	2073	575	16	16	2065	583	16	16
109	22	2089	592	16	49	2081	616	16	49
110	22	2104	564	16	104	2096	616	16	104
111	22	2177	543	64	16	2145	551	64	16
112	22	2176	527	63	16	2145	535	63	16
113	22	2193	575	32	16	2177	583	32	16
114	22	2217	583	16	66	2209	616	16	66
116	22	2232	564	16	104	2224	616	16	104
117	22	2289	543	32	16	2273	551	32	16
118	22	2313	567	16	32	2305	583	16	32
119	22	2329	575	16	16	2321	583	16	16
121	22	2345	600	16	33	2337	616	16	33
122	22	2360	564	16	104	2352	616	16	104
123	22	2432	543	63	16	2401	551	63	16
124	22	2409	527	16	16	2401	535	16	16
125	22	2448	575	31	16	2433	583	31	16
126	22	2472	584	16	65	2464	616	16	65
127	22	2488	564	16	104	2480	616	16	104
128	22	2760	543	465	16	2528	551	465	16
130	23	2601	616	16	127	2593	679	16	127
132	22	2680	671	142	16	2609	679	142	16
133	22	2679	655	141	16	2609	663	141	16
134	22	2617	599	16	97	2609	647	16	97
135	22	2632	599	16	96	2624	647	16	96
137	22	2744	607	142	16	2673	615	142	16
138	22	2744	592	142	16	2673	600	142	16
139	22	2904	575	16	16	2896	583	16	16
140	22	3008	559	32	16	2992	567	32	16
141	22	3016	608	16	16	3008	616	16	16
142	22	3000	624	16	16	2992	632	16	16
143	22	3000	640	49	16	2976	648	49	16
144	22	2920	623	16	16	2912	631	16	16
147	22	2863	655	33	16	2847	663	33	16
149	22	2992	671	127	16	2929	679	127	16
150	23	3048	792	16	223	3040	903	16	223
151	23	2856	912	16	240	2848	1032	16	240
154	22	3065	792	16	223	3057	903	16	223
155	22	3032	895	16	16	3024	903	16	16
156	22	2968	895	16	16	2960	903	16	16
157	22	2904	895	16	16	2896	903	16	16
158	22	2936	1055	16	16	2928	1063	16	16
159	22	2952	1103	16	16	2944	1111	16	16
161	22	3016	1103	16	16	3008	1111	16	16
162	22	2976	783	126	16	2913	791	126	16
163	22	2927	751	223	16	2816	759	223	16
164	30	2824	768	16	16	2816	776	16	16
165	30	2840	768	16	16	2832	776	16	16
166	30	2856	768	16	16	2848	776	16	16
167	30	2872	768	16	16	2864	776	16	16
169	30	2888	768	16	16	2880	776	16	16
170	30	2904	768	16	16	2896	776	16	16
172	22	2880	1024	30	16	2865	1032	30	16
173	22	3000	992	271	16	2865	1000	271	16
174	22	2873	1008	16	16	2865	1016	16	16
175	30	2904	1008	16	16	2896	1016	16	16
176	30	2920	1008	16	16	2912	1016	16	16
177	30	2936	1008	16	16	2928	1016	16	16
178	30	2952	1008	16	16	2944	1016	16	16
180	30	2968	1008	16	16	2960	1016	16	16
181	30	2984	1008	16	16	2976	1016	16	16
182	30	3000	1008	16	16	2992	1016	16	16
183	30	3016	1008	16	16	3008	1016	16	16
184	30	3032	1008	16	16	3024	1016	16	16
185	30	3048	1008	16	16	3040	1016	16	16
186	30	3064	1008	16	16	3056	1016	16	16
187	22	3224	1023	305	16	3072	1031	305	16
188	23	3368	1096	16	127	3360	1159	16	127
189	22	3385	1095	16	128	3377	1159	16	128
190	22	3401	1151	16	16	3393	1159	16	16
191	22	3416	1176	16	32	3408	1192	16	32
192	22	3432	1104	16	176	3424	1192	16	176
193	22	3464	1188	16	56	3456	1216	16	56
194	22	3480	1188	16	56	3472	1216	16	56
195	22	3464	1096	16	64	3456	1128	16	64
196	22	3480	1096	16	64	3472	1128	16	64
197	22	3720	1023	560	16	3440	1031	560	16
198	22	3584	1087	193	16	3488	1095	193	16
199	22	3648	1072	320	16	3488	1080	320	16
200	22	3689	1155	16	121	3681	1215	16	121
201	22	3800	1089	16	16	3792	1097	16	16
202	22	3831	1156	16	120	3823	1216	16	120
203	22	3814	1104	16	16	3806	1112	16	16
204	22	4008	1048	16	33	4000	1064	16	33
205	22	4104	1056	176	16	4016	1064	176	16
206	22	4152	1137	209	16	4048	1145	209	16
207	22	4056	1153	16	16	4048	1161	16	16
209	543	4080	1096	32	64	4064	1128	32	64
212	22	4184	672	16	752	4176	1048	16	752
213	22	4265	713	16	833	4257	1129	16	833
214	23	4232	696	16	736	4224	1064	16	736
215	22	4104	216	16	162	4096	297	16	162
216	22	4344	224	16	176	4336	312	16	176
217	22	4223	127	225	16	4111	135	225	16
218	22	4304	304	62	16	4273	312	62	16
219	22	4143	305	63	16	4112	313	63	16
226	341	129	94	16	16	121	102	16	16
229	5	371	146	14	19	349	158	35	23
231	5	472	147	14	19	452	163	34	28
232	5	503	115	14	19	488	128	31	27
239	34	1643	80	15	16	1599	97	85	27
241	34	1431	79	15	16	1410	91	105	10
242	34	1515	81	15	16	1490	90	59	21
243	27	1720	94	16	12	1706	104	30	22
244	25	1733	318	14	16	1714	339	47	48
256	4	2250	596	16	16	2203	611	79	26
257	4	2393	595	16	16	2359	611	63	30
258	4	2575	600	16	16	2546	629	62	66
260	7	2794	556	16	8	2639	563	352	13
261	7	2864	668	16	8	2846	674	33	12
267	8	4014	1081	28	30	3961	1112	89	48
289	5	309	115	14	19	296	129	23	25
290	41	1639	414	15	16	1593	435	92	131
293	41	1639	349	15	16	1593	435	92	131
294	41	1639	383	15	16	1593	435	92	131
295	41	1639	320	15	16	1593	435	92	131
296	5002	4295	152	32	32	4103	302	238	180
297	7	2742	618	16	8	2673	622	142	7
298	501	4207	952	16	16	4177	973	93	202
299	501	4207	912	16	16	4177	973	93	202
300	501	4207	870	16	16	4177	973	93	202
301	501	4203	801	16	16	4177	973	93	202
302	501	4206	735	16	16	4168	757	108	189
303	501	4205	671	16	16	4168	757	108	189
304	501	4204	633	16	16	4168	757	108	189
313	26	1573	188	10	12	1556	208	52	43
314	26	1595	190	10	12	1556	208	52	43
319	8	1917	566	28	30	1884	588	66	42
320	341	2973	801	16	16	2965	809	16	16
323	1	3081	861	16	21	3028	882	119	44
324	1	3107	1093	16	21	3079	1111	54	40
325	1	3264	1096	16	21	3234	1113	75	47
326	2	850	26	16	12	835	120	32	110
327	2	979	26	16	12	962	112	30	99
328	2	1105	26	16	12	1089	96	32	83
329	2	1234	26	16	12	1216	116	31	105
330	2	2129	506	16	12	2115	592	31	101
331	2	2257	506	16	12	2239	619	33	126
332	2	2384	506	16	12	2370	606	29	115
333	2	2513	506	16	12	2497	610	32	119
334	544	4225	310	64	32	4193	326	64	32
335	340	4095	1105	8	8	4051	1111	8	8
336	340	4224	1105	8	8	4219	1110	8	8
337	340	4224	983	8	8	4219	989	8	8
338	340	4224	759	8	8	4219	761	8	8
339	340	4224	535	8	8	4219	537	8	8
340	340	4224	311	8	8	4219	316	8	8
341	340	4224	208	8	8	4219	211	8	8
342	341	4233	1054	16	16	4225	1062	16	16
343	24	3581	1104	16	15	3563	1120	35	34
344	8	3617	1112	28	30	3562	1158	110	75
345	501	4206	601	16	16	4179	691	93	105
346	501	4205	501	16	16	4178	531	87	191
347	501	4203	466	16	16	4178	531	87	191
348	501	4206	411	16	16	4178	531	87	191
349	501	4211	372	16	16	4178	531	87	191
#Objects_End
#Quadtree_Collision
NodeCount
245
NodeID	PosX	PosY	Width	Height	ObjectsCount	ObjectIDs
0	0	4352	4352	4352	0
1	0	4352	2176	2176	0
2	2176	4352	2176	2176	0
3	0	2176	2176	2176	0
13	0	2176	1088	1088	0
14	1088	2176	1088	1088	0
15	0	1088	1088	1088	0
61	0	1088	544	544	0
62	544	1088	544	544	0
63	0	544	544	544	0
253	0	544	272	272	0
254	272	544	272	272	0
255	0	272	272	272	0
1021	0	272	136	136	0
1022	136	272	136	136	0
1023	0	136	136	136	2	15	226
1024	136	136	136	136	3	15	16	226
256	272	272	272	272	0
1025	272	272	136	136	3	19	21	229
1026	408	272	136	136	3	19	21	231
1027	272	136	136	136	7	15	16	17	18	21	229	289
1028	408	136	136	136	8	21	22	23	24	25	26	231	232
64	544	544	544	544	0
257	544	544	272	272	0
258	816	544	272	272	0
259	544	272	272	272	0
1037	544	272	136	136	0
1038	680	272	136	136	2	29	30
1039	544	136	136	136	1	25
1040	680	136	136	136	5	25	27	28	29	30
260	816	272	272	272	0
1041	816	272	136	136	4	29	30	35	36
1042	952	272	136	136	3	36	41	42
1043	816	136	136	136	8	29	30	31	33	34	35	36	326
1044	952	136	136	136	7	36	38	39	40	41	42	327
16	1088	1088	1088	1088	0
65	1088	1088	544	544	0
261	1088	1088	272	272	0
262	1360	1088	272	272	0
263	1088	816	272	272	0
264	1360	816	272	272	0
1057	1360	816	136	136	0
1058	1496	816	136	136	0
1059	1360	680	136	136	0
1060	1496	680	136	136	2	74	104
66	1632	1088	544	544	0
265	1632	1088	272	272	0
266	1904	1088	272	272	0
267	1632	816	272	272	0
1069	1632	816	136	136	0
1070	1768	816	136	136	0
1071	1632	680	136	136	1	104
1072	1768	680	136	136	2	104	319
268	1904	816	272	272	0
1073	1904	816	136	136	0
1074	2040	816	136	136	0
1075	1904	680	136	136	2	104	319
1076	2040	680	136	136	7	104	107	108	109	110	111	330
67	1088	544	544	544	0
269	1088	544	272	272	0
270	1360	544	272	272	0
1081	1360	544	136	136	0
1082	1496	544	136	136	11	74	86	88	89	104	105	106	290	293	294	295
1083	1360	408	136	136	0
1084	1496	408	136	136	14	85	88	89	90	91	92	93	94	95	96	290	293	294	295
271	1088	272	272	272	0
1085	1088	272	136	136	3	42	46	47
1086	1224	272	136	136	2	50	51
1087	1088	136	136	136	8	42	43	44	45	46	47	328	329
1088	1224	136	136	136	5	48	49	50	51	329
272	1360	272	272	272	0
1089	1360	272	136	136	3	50	51	61
1090	1496	272	136	136	6	57	59	61	85	313	314
1091	1360	136	136	136	8	50	51	52	60	61	62	241	242
1092	1496	136	136	136	8	52	57	58	61	62	239	241	242
68	1632	544	544	544	0
273	1632	544	272	272	0
1093	1632	544	136	136	15	73	79	81	82	86	89	100	102	103	104	105	290	293	294	295
1094	1768	544	136	136	6	99	100	101	102	103	104
1095	1632	408	136	136	19	72	73	77	78	79	81	82	83	84	85	89	95	96	97	244	290	293	294	295
1096	1768	408	136	136	3	72	76	99
274	1904	544	272	272	0
1097	1904	544	136	136	1	104
1098	2040	544	136	136	5	104	110	111	112	330
1099	1904	408	136	136	0
1100	2040	408	136	136	0
275	1632	272	272	272	0
1101	1632	272	136	136	7	55	56	57	64	72	77	85
1102	1768	272	136	136	3	64	72	76
1103	1632	136	136	136	10	52	53	54	55	57	58	65	66	239	243
1104	1768	136	136	136	0
276	1904	272	272	272	0
4	2176	2176	2176	2176	0
17	2176	2176	1088	1088	0
69	2176	2176	544	544	0
70	2720	2176	544	544	0
71	2176	1632	544	544	0
72	2720	1632	544	544	0
289	2720	1632	272	272	0
290	2992	1632	272	272	0
291	2720	1360	272	272	0
1165	2720	1360	136	136	0
1166	2856	1360	136	136	0
1167	2720	1224	136	136	0
1168	2856	1224	136	136	1	159
292	2992	1360	272	272	0
1169	2992	1360	136	136	0
1170	3128	1360	136	136	0
1171	2992	1224	136	136	2	161	324
1172	3128	1224	136	136	2	324	325
18	3264	2176	1088	1088	0
73	3264	2176	544	544	0
74	3808	2176	544	544	0
75	3264	1632	544	544	0
301	3264	1632	272	272	0
302	3536	1632	272	272	0
303	3264	1360	272	272	0
1213	3264	1360	136	136	0
1214	3400	1360	136	136	0
1215	3264	1224	136	136	4	188	189	190	325
1216	3400	1224	136	136	8	190	191	192	193	194	195	196	198
304	3536	1360	272	272	0
1217	3536	1360	136	136	0
1218	3672	1360	136	136	0
1219	3536	1224	136	136	3	198	343	344
1220	3672	1224	136	136	5	198	200	201	203	344
76	3808	1632	544	544	0
305	3808	1632	272	272	0
306	4080	1632	272	272	0
307	3808	1360	272	272	0
1229	3808	1360	136	136	0
1230	3944	1360	136	136	0
1231	3808	1224	136	136	3	201	202	203
1232	3944	1224	136	136	4	206	207	209	267
308	4080	1360	272	272	0
1233	4080	1360	136	136	0
1234	4216	1360	136	136	0
1235	4080	1224	136	136	2	206	209
1236	4216	1224	136	136	2	206	213
19	2176	1088	1088	1088	0
77	2176	1088	544	544	0
309	2176	1088	272	272	0
310	2448	1088	272	272	0
311	2176	816	272	272	0
1245	2176	816	136	136	0
1246	2312	816	136	136	0
1247	2176	680	136	136	8	111	113	114	116	117	118	256	331
1248	2312	680	136	136	8	118	119	121	122	123	125	257	332
312	2448	816	272	272	0
1249	2448	816	136	136	0
1250	2584	816	136	136	0
1251	2448	680	136	136	7	123	125	126	127	128	258	333
1252	2584	680	136	136	11	128	130	132	133	134	135	137	138	258	260	297
78	2720	1088	544	544	0
313	2720	1088	272	272	0
1253	2720	1088	136	136	1	151
1254	2856	1088	136	136	12	151	158	172	173	174	175	176	177	178	180	181	182
1255	2720	952	136	136	1	151
1256	2856	952	136	136	3	151	156	157
314	2992	1088	272	272	0
1257	2992	1088	136	136	9	173	181	182	183	184	185	186	187	324
1258	3128	1088	136	136	4	173	187	324	325
1259	2992	952	136	136	4	150	154	155	323
1260	3128	952	136	136	1	323
315	2720	816	272	272	0
1261	2720	816	136	136	5	151	163	164	165	166
1262	2856	816	136	136	8	151	162	163	166	167	169	170	320
1263	2720	680	136	136	9	128	132	133	137	138	147	260	261	297
1264	2856	680	136	136	10	128	139	140	142	143	144	147	149	260	261
316	2992	816	272	272	0
1265	2992	816	136	136	4	150	154	162	163
1266	3128	816	136	136	0
1267	2992	680	136	136	8	128	140	141	142	143	149	150	154
1268	3128	680	136	136	0
79	2176	544	544	544	0
317	2176	544	272	272	0
1269	2176	544	136	136	5	111	112	116	117	331
1270	2312	544	136	136	4	122	123	124	332
1271	2176	408	136	136	0
1272	2312	408	136	136	0
318	2448	544	272	272	0
1273	2448	544	136	136	4	123	127	128	333
1274	2584	544	136	136	1	128
1275	2448	408	136	136	0
1276	2584	408	136	136	0
319	2176	272	272	272	0
320	2448	272	272	272	0
80	2720	544	544	544	0
321	2720	544	272	272	0
1285	2720	544	136	136	1	128
1286	2856	544	136	136	1	128
1287	2720	408	136	136	0
1288	2856	408	136	136	0
322	2992	544	272	272	0
1289	2992	544	136	136	1	128
1290	3128	544	136	136	0
1291	2992	408	136	136	0
1292	3128	408	136	136	0
323	2720	272	272	272	0
324	2992	272	272	272	0
20	3264	1088	1088	1088	0
81	3264	1088	544	544	0
325	3264	1088	272	272	0
1301	3264	1088	136	136	4	187	188	189	325
1302	3400	1088	136	136	6	192	195	196	197	198	199
1303	3264	952	136	136	0
1304	3400	952	136	136	0
326	3536	1088	272	272	0
1305	3536	1088	136	136	5	197	198	199	343	344
1306	3672	1088	136	136	5	197	198	199	201	344
1307	3536	952	136	136	0
1308	3672	952	136	136	0
327	3264	816	272	272	0
328	3536	816	272	272	0
82	3808	1088	544	544	0
329	3808	1088	272	272	0
1317	3808	1088	136	136	3	197	199	201
1318	3944	1088	136	136	5	197	204	205	209	267
1319	3808	952	136	136	0
1320	3944	952	136	136	0
330	4080	1088	272	272	0
1321	4080	1088	136	136	7	205	209	212	298	299	300	301
1322	4216	1088	136	136	7	213	214	298	299	300	301	342
1323	4080	952	136	136	5	212	298	299	300	301
1324	4216	952	136	136	6	213	214	298	299	300	301
331	3808	816	272	272	0
332	4080	816	272	272	0
1329	4080	816	136	136	9	212	298	299	300	301	302	303	304	345
1330	4216	816	136	136	10	213	214	298	299	300	301	302	303	304	345
1331	4080	680	136	136	5	212	302	303	304	345
1332	4216	680	136	136	6	213	214	302	303	304	345
83	3264	544	544	544	0
84	3808	544	544	544	0
337	3808	544	272	272	0
338	4080	544	272	272	0
1353	4080	544	136	136	5	212	346	347	348	349
1354	4216	544	136	136	6	213	214	346	347	348	349
1355	4080	408	136	136	9	212	215	219	296	334	346	347	348	349
1356	4216	408	136	136	10	213	214	216	218	296	334	346	347	348	349
339	3808	272	272	272	0
340	4080	272	272	272	0
1361	4080	272	136	136	2	215	296
1362	4216	272	136	136	2	216	296
1363	4080	136	136	136	3	215	217	296
1364	4216	136	136	136	3	216	217	296
#Quadtree_Collision_End
#Camera_Path_Point
16
128	145
1664	145
1664	263
1664	503
1664	624
2944	624
2944	743
2944	983
2944	1105
4095	1105
4224	1105
4224	983
4224	759
4224	535
4224	311
4224	208
#Camera_Path_Point_End
