#Tile_Matrix
Total_Row	Total_Column	Total_Tile
68	105	410
#Tile_Matrix_Value
-1	-1	-1	-1	-1	-1	-1	-1	-1	-1	-1	-1	-1	-1	-1	-1	-1	-1	-1	-1	-1	-1	-1	-1	-1	-1	-1	-1	-1	-1	-1	-1	-1	-1	-1	-1	-1	-1	-1	-1	-1	-1	-1	-1	-1	-1	-1	-1	-1	-1	-1	-1	-1	-1	-1	-1	-1	-1	-1	-1	-1	-1	-1	-1	-1	-1	-1	-1	-1	-1	-1	-1	-1	-1	-1	-1	-1	-1	-1	-1	-1	-1	-1	-1	-1	-1	-1	-1	-1	-1	-1	-1	-1	-1	-1	-1	-1	-1	-1	-1	-1	-1	-1	-1	-1	
-1	-1	-1	-1	-1	-1	-1	-1	-1	-1	-1	-1	-1	-1	-1	-1	-1	-1	-1	-1	-1	-1	-1	-1	-1	-1	-1	-1	-1	-1	-1	-1	-1	-1	-1	-1	-1	-1	-1	-1	0	1	1	1	1	1	1	1	1	1	1	1	1	1	1	1	1	1	1	1	1	1	1	1	2	-1	-1	-1	-1	-1	-1	-1	-1	-1	-1	-1	-1	-1	-1	-1	-1	-1	-1	-1	-1	-1	-1	-1	-1	-1	-1	-1	-1	-1	-1	-1	-1	-1	-1	-1	-1	-1	-1	-1	-1	
-1	-1	-1	-1	-1	-1	-1	-1	-1	-1	-1	-1	-1	-1	-1	-1	-1	-1	-1	-1	-1	-1	-1	-1	-1	-1	-1	-1	-1	-1	-1	-1	-1	-1	-1	-1	-1	-1	-1	-1	3	4	5	5	5	5	5	5	5	5	5	5	5	5	5	5	5	5	5	5	5	5	5	5	6	-1	-1	-1	-1	-1	-1	-1	-1	-1	-1	-1	-1	-1	-1	-1	-1	-1	-1	-1	-1	-1	-1	-1	-1	-1	-1	-1	-1	-1	-1	-1	-1	-1	-1	-1	-1	-1	-1	-1	-1	
-1	-1	-1	-1	-1	-1	-1	-1	-1	-1	-1	-1	-1	-1	-1	-1	-1	-1	-1	-1	-1	-1	-1	-1	-1	-1	-1	-1	-1	-1	-1	-1	-1	-1	-1	-1	-1	-1	-1	-1	7	8	5	5	5	5	5	5	5	5	5	9	10	10	10	10	11	5	5	5	5	5	5	5	6	-1	-1	-1	-1	-1	-1	-1	-1	-1	-1	-1	-1	-1	-1	-1	-1	-1	-1	-1	-1	-1	-1	-1	-1	-1	-1	-1	-1	-1	-1	-1	-1	-1	-1	-1	-1	-1	-1	-1	-1	
-1	-1	-1	-1	-1	-1	-1	-1	-1	-1	-1	-1	-1	-1	-1	-1	-1	-1	-1	-1	-1	-1	-1	-1	-1	-1	-1	-1	-1	-1	-1	-1	-1	-1	-1	-1	-1	-1	-1	-1	7	8	5	12	13	14	15	5	5	9	10	16	17	17	17	17	18	10	10	10	10	10	11	5	6	-1	-1	-1	-1	-1	-1	-1	-1	-1	-1	-1	-1	-1	-1	-1	-1	-1	-1	-1	-1	-1	-1	-1	-1	-1	-1	-1	-1	-1	-1	-1	-1	-1	-1	-1	-1	-1	-1	-1	-1	
-1	-1	-1	-1	-1	-1	-1	-1	-1	-1	-1	-1	-1	-1	-1	-1	-1	-1	-1	-1	-1	-1	-1	-1	-1	-1	-1	-1	-1	-1	-1	-1	-1	-1	-1	-1	-1	-1	-1	-1	7	8	5	19	20	21	22	5	9	16	17	23	24	24	24	24	25	26	27	27	27	27	28	5	6	-1	-1	-1	-1	-1	-1	-1	-1	-1	-1	-1	-1	-1	-1	-1	-1	-1	-1	-1	-1	-1	-1	-1	-1	-1	-1	-1	-1	-1	-1	-1	-1	-1	-1	-1	-1	-1	-1	-1	-1	
-1	-1	-1	-1	-1	-1	-1	-1	-1	-1	-1	-1	-1	-1	-1	-1	-1	-1	-1	-1	-1	-1	-1	-1	-1	-1	-1	-1	-1	-1	-1	-1	-1	-1	-1	-1	-1	-1	-1	-1	7	8	5	29	30	31	22	9	16	23	24	24	24	24	24	24	24	32	10	10	10	10	33	11	6	-1	-1	-1	-1	-1	-1	-1	-1	-1	-1	-1	-1	-1	-1	-1	-1	-1	-1	-1	-1	-1	-1	-1	-1	-1	-1	-1	-1	-1	-1	-1	-1	-1	-1	-1	-1	-1	-1	-1	-1	
-1	-1	-1	-1	-1	-1	-1	-1	-1	-1	-1	-1	-1	-1	-1	-1	-1	-1	-1	-1	-1	-1	-1	-1	-1	-1	-1	-1	-1	-1	-1	-1	-1	-1	-1	-1	-1	-1	-1	-1	7	34	35	36	37	38	39	40	23	24	24	24	24	24	24	24	24	25	17	17	17	17	41	42	6	-1	-1	-1	-1	-1	-1	-1	-1	-1	-1	-1	-1	-1	-1	-1	-1	-1	-1	-1	-1	-1	-1	-1	-1	-1	-1	-1	-1	-1	-1	-1	-1	-1	-1	-1	-1	-1	-1	-1	-1	
-1	-1	-1	-1	-1	-1	-1	-1	-1	-1	-1	-1	-1	-1	-1	-1	-1	-1	-1	-1	-1	-1	-1	-1	-1	-1	-1	-1	-1	-1	-1	-1	-1	-1	-1	-1	-1	-1	-1	-1	43	44	45	46	46	46	46	46	47	48	48	48	48	48	48	48	49	46	50	51	52	52	53	54	6	-1	-1	-1	-1	-1	-1	-1	-1	-1	-1	-1	-1	-1	-1	-1	-1	-1	-1	-1	-1	-1	-1	-1	-1	-1	-1	-1	-1	-1	-1	-1	-1	-1	-1	-1	-1	-1	-1	-1	-1	
-1	-1	-1	-1	-1	-1	-1	-1	-1	-1	-1	-1	-1	-1	-1	-1	-1	-1	-1	-1	-1	-1	-1	-1	-1	-1	-1	-1	-1	-1	-1	-1	-1	55	-1	-1	-1	-1	-1	-1	56	57	58	59	60	61	62	63	64	-1	-1	-1	-1	-1	-1	-1	56	65	66	33	10	10	67	11	6	-1	-1	-1	-1	-1	-1	-1	-1	-1	-1	-1	-1	-1	-1	-1	-1	-1	-1	-1	-1	-1	-1	-1	-1	-1	-1	-1	-1	-1	-1	-1	-1	-1	-1	-1	-1	-1	-1	-1	-1	
-1	-1	-1	-1	-1	-1	-1	-1	-1	-1	-1	-1	-1	-1	-1	-1	-1	-1	-1	-1	-1	-1	-1	-1	-1	-1	-1	-1	-1	-1	-1	-1	-1	68	-1	-1	-1	-1	-1	-1	56	69	70	5	71	72	73	74	64	-1	-1	-1	-1	-1	-1	-1	56	65	75	76	77	77	77	78	6	-1	-1	-1	-1	-1	-1	-1	-1	-1	-1	-1	-1	-1	-1	-1	-1	-1	-1	-1	-1	-1	-1	-1	-1	-1	-1	-1	-1	-1	-1	-1	-1	-1	-1	-1	-1	-1	-1	-1	-1	
-1	-1	-1	-1	-1	-1	-1	-1	-1	-1	-1	-1	-1	-1	-1	-1	-1	-1	-1	-1	-1	-1	-1	-1	-1	-1	-1	-1	-1	-1	-1	-1	-1	-1	-1	-1	-1	-1	-1	-1	56	79	80	5	81	82	83	84	64	-1	-1	-1	-1	-1	-1	-1	56	85	86	5	5	5	5	5	6	-1	-1	-1	-1	-1	-1	-1	-1	-1	-1	-1	-1	-1	-1	-1	-1	-1	-1	-1	-1	-1	-1	-1	-1	-1	-1	-1	-1	-1	-1	-1	-1	-1	-1	-1	-1	-1	-1	-1	-1	
-1	-1	-1	-1	-1	-1	-1	-1	-1	-1	-1	-1	-1	-1	-1	-1	-1	-1	-1	-1	-1	-1	-1	-1	-1	-1	-1	-1	-1	-1	-1	-1	-1	-1	-1	-1	-1	-1	-1	-1	56	87	88	5	89	90	74	65	64	-1	-1	-1	-1	-1	-1	-1	56	91	92	9	11	9	11	5	6	-1	-1	-1	-1	-1	-1	-1	-1	-1	-1	-1	-1	-1	-1	-1	-1	-1	-1	-1	-1	-1	-1	-1	-1	-1	-1	-1	-1	-1	-1	-1	-1	-1	-1	-1	-1	-1	-1	-1	-1	
-1	-1	-1	-1	-1	-1	-1	-1	-1	-1	-1	-1	-1	-1	-1	-1	-1	-1	-1	-1	-1	-1	-1	-1	-1	-1	-1	-1	-1	-1	-1	-1	-1	-1	-1	-1	-1	-1	-1	-1	56	87	93	94	95	96	84	65	64	-1	-1	-1	-1	-1	-1	-1	56	97	98	99	100	99	100	5	6	-1	-1	-1	-1	-1	-1	-1	-1	-1	-1	-1	-1	-1	-1	-1	-1	-1	-1	-1	-1	-1	-1	-1	-1	-1	-1	-1	-1	-1	-1	-1	-1	-1	-1	-1	-1	-1	-1	-1	-1	
-1	-1	-1	-1	-1	-1	-1	-1	-1	-1	-1	-1	-1	-1	-1	-1	-1	-1	-1	-1	-1	-1	-1	-1	-1	-1	-1	-1	-1	-1	-1	-1	-1	-1	-1	-1	-1	-1	-1	-1	56	101	102	65	65	65	65	65	64	-1	-1	-1	-1	-1	-1	-1	56	103	104	33	11	5	5	5	6	-1	-1	-1	-1	-1	-1	-1	-1	-1	-1	-1	-1	-1	-1	-1	-1	-1	-1	-1	-1	-1	-1	-1	-1	-1	-1	-1	-1	-1	-1	-1	-1	-1	-1	-1	-1	-1	-1	-1	-1	
-1	-1	-1	-1	-1	-1	-1	-1	-1	-1	-1	-1	-1	-1	-1	-1	-1	-1	-1	-1	-1	-1	-1	-1	-1	-1	-1	-1	-1	-1	-1	-1	-1	-1	-1	-1	-1	-1	-1	-1	105	106	107	108	109	110	111	112	113	-1	-1	-1	-1	-1	-1	-1	105	114	115	116	117	5	5	5	6	-1	-1	-1	-1	-1	-1	-1	-1	-1	-1	-1	-1	-1	-1	-1	-1	-1	-1	-1	-1	-1	-1	-1	-1	-1	-1	-1	-1	-1	-1	-1	-1	-1	-1	-1	-1	-1	-1	-1	-1	
-1	-1	-1	-1	-1	-1	-1	-1	-1	-1	-1	-1	-1	-1	-1	-1	-1	-1	-1	-1	-1	-1	-1	-1	-1	-1	-1	-1	-1	-1	-1	-1	-1	-1	-1	-1	-1	-1	-1	-1	7	118	5	5	119	120	121	122	123	-1	-1	-1	-1	-1	-1	-1	7	24	24	124	125	5	5	5	6	-1	-1	-1	-1	-1	-1	-1	-1	-1	-1	-1	-1	-1	-1	-1	-1	-1	-1	-1	-1	-1	-1	-1	-1	-1	-1	-1	-1	-1	-1	-1	-1	-1	-1	-1	-1	-1	-1	-1	-1	
-1	-1	-1	-1	-1	-1	-1	-1	-1	-1	-1	-1	-1	-1	-1	-1	-1	-1	-1	-1	-1	-1	-1	-1	-1	-1	-1	-1	-1	-1	-1	-1	-1	-1	-1	-1	-1	-1	-1	-1	7	118	5	5	119	126	127	122	123	-1	-1	-1	-1	-1	-1	-1	7	24	24	128	129	5	130	131	6	-1	-1	-1	-1	-1	-1	-1	-1	-1	-1	-1	-1	-1	-1	-1	-1	-1	-1	-1	-1	-1	-1	-1	-1	-1	-1	-1	-1	-1	-1	-1	-1	-1	-1	-1	-1	-1	-1	-1	-1	
-1	-1	-1	-1	-1	-1	-1	-1	-1	-1	-1	-1	-1	-1	-1	-1	-1	-1	-1	-1	-1	-1	-1	-1	-1	-1	-1	-1	-1	-1	-1	-1	-1	-1	-1	-1	-1	-1	-1	-1	7	118	5	5	132	133	134	135	123	-1	-1	-1	-1	-1	-1	-1	7	24	136	137	28	5	138	139	6	-1	-1	-1	-1	-1	-1	-1	-1	-1	-1	-1	-1	-1	-1	-1	-1	-1	-1	-1	-1	-1	-1	-1	-1	-1	-1	-1	-1	-1	-1	-1	-1	-1	-1	-1	-1	-1	-1	-1	-1	
-1	-1	-1	-1	-1	-1	-1	-1	-1	-1	-1	-1	-1	-1	-1	-1	-1	-1	-1	-1	-1	-1	-1	-1	-1	-1	-1	-1	-1	-1	-1	-1	-1	-1	-1	-1	-1	-1	-1	-1	7	140	5	5	141	142	143	23	123	-1	-1	-1	-1	-1	-1	-1	7	136	144	145	5	5	5	5	6	-1	-1	-1	-1	-1	-1	-1	-1	-1	-1	-1	-1	-1	-1	-1	-1	-1	-1	-1	-1	-1	-1	-1	-1	-1	-1	-1	-1	-1	-1	-1	-1	-1	-1	-1	-1	-1	-1	-1	-1	
-1	-1	-1	-1	-1	-1	-1	-1	-1	-1	-1	-1	-1	-1	-1	-1	-1	-1	-1	-1	-1	-1	-1	-1	-1	-1	-1	-1	-1	-1	-1	-1	-1	-1	-1	-1	-1	-1	-1	-1	7	32	10	11	146	143	23	24	123	-1	-1	-1	-1	-1	-1	-1	7	147	148	149	150	5	151	150	6	-1	-1	-1	-1	-1	-1	-1	-1	-1	-1	-1	-1	-1	-1	-1	-1	-1	-1	-1	-1	-1	-1	-1	-1	-1	-1	-1	-1	-1	-1	-1	-1	-1	-1	-1	-1	-1	-1	-1	-1	
-1	-1	-1	-1	-1	-1	-1	-1	-1	-1	-1	-1	-1	-1	-1	-1	-1	-1	-1	-1	-1	-1	-1	-1	-1	-1	-1	-1	-1	-1	-1	-1	-1	-1	-1	-1	-1	-1	-1	-1	7	25	17	42	152	153	154	155	123	-1	-1	-1	-1	-1	-1	-1	7	156	157	158	5	5	5	5	6	-1	-1	-1	-1	-1	-1	-1	-1	-1	-1	-1	-1	-1	-1	-1	-1	-1	-1	-1	-1	-1	-1	-1	-1	-1	-1	-1	-1	-1	-1	-1	-1	-1	-1	-1	-1	-1	-1	-1	-1	
-1	-1	-1	-1	-1	-1	-1	-1	-1	-1	-1	-1	-1	-1	-1	-1	-1	-1	-1	-1	-1	-1	-1	-1	-1	-1	-1	-1	-1	-1	-1	-1	-1	-1	-1	-1	-1	-1	-1	-1	7	24	24	159	160	161	162	163	123	-1	-1	-1	-1	-1	-1	-1	7	164	161	165	166	167	167	167	168	-1	-1	-1	-1	-1	-1	-1	-1	-1	-1	-1	-1	-1	-1	-1	-1	-1	-1	-1	-1	-1	-1	-1	-1	-1	-1	-1	-1	-1	-1	-1	-1	-1	-1	-1	-1	-1	-1	-1	-1	
-1	-1	-1	-1	-1	-1	-1	-1	-1	-1	-1	-1	-1	-1	-1	-1	-1	-1	-1	-1	-1	-1	-1	-1	-1	-1	-1	-1	-1	-1	-1	-1	-1	-1	-1	-1	-1	-1	-1	-1	43	169	52	52	52	170	171	45	172	-1	-1	-1	-1	-1	-1	-1	43	173	52	52	174	175	175	175	176	177	177	177	177	177	178	179	180	180	180	180	180	180	180	180	180	180	180	180	180	180	180	180	180	180	180	180	180	180	180	180	181	182	182	182	182	182	182	182	183	
-1	-1	-1	-1	-1	-1	-1	-1	-1	-1	-1	-1	-1	-1	-1	-1	-1	-1	-1	-1	-1	-1	-1	-1	-1	-1	-1	-1	-1	-1	-1	-1	-1	-1	-1	-1	-1	-1	-1	-1	56	87	5	5	5	184	185	186	64	-1	-1	-1	-1	-1	-1	-1	56	187	5	5	5	5	5	5	5	5	5	5	5	5	188	189	190	190	190	190	190	190	190	190	190	190	190	190	190	190	190	190	190	190	190	190	190	190	190	190	191	192	193	193	193	193	193	193	194	
-1	-1	-1	-1	-1	-1	-1	-1	-1	-1	-1	-1	-1	-1	-1	-1	-1	-1	-1	-1	-1	-1	-1	-1	-1	-1	-1	-1	-1	-1	-1	-1	-1	-1	-1	-1	-1	-1	-1	-1	56	79	195	5	5	196	197	198	64	-1	-1	-1	-1	-1	-1	-1	56	199	5	5	5	5	5	5	5	5	5	5	5	5	188	200	201	202	202	202	202	202	202	202	202	202	202	202	202	202	202	202	202	202	202	202	202	202	202	202	203	204	205	205	205	205	205	205	206	
-1	-1	-1	-1	-1	-1	-1	-1	-1	-1	-1	-1	-1	-1	-1	-1	-1	-1	-1	-1	-1	-1	-1	-1	-1	-1	-1	-1	-1	-1	-1	-1	-1	-1	-1	-1	-1	-1	-1	-1	56	207	33	11	208	209	210	211	64	-1	-1	-1	-1	-1	-1	-1	56	87	5	5	5	5	5	5	5	5	5	5	5	5	212	213	214	215	215	215	215	215	215	215	215	215	215	215	215	215	215	215	215	215	215	215	215	215	215	215	216	217	205	205	205	205	205	205	206	
-1	-1	-1	-1	-1	-1	-1	-1	-1	-1	-1	-1	-1	-1	-1	-1	-1	-1	-1	-1	-1	-1	-1	-1	-1	-1	-1	-1	-1	-1	-1	-1	-1	-1	-1	-1	-1	-1	-1	-1	56	218	219	100	220	221	222	223	64	-1	-1	-1	-1	-1	-1	-1	56	87	5	224	5	5	5	5	5	5	5	5	5	5	5	5	225	205	205	205	205	205	205	205	205	205	205	205	205	205	205	205	205	205	205	205	205	205	205	205	205	205	205	205	205	205	205	205	206	
-1	-1	-1	-1	-1	-1	-1	-1	-1	-1	-1	-1	-1	-1	-1	-1	-1	-1	-1	-1	-1	-1	-1	-1	-1	-1	-1	-1	-1	-1	-1	-1	-1	-1	-1	-1	-1	-1	-1	-1	56	87	88	5	226	227	228	74	64	-1	-1	-1	-1	-1	-1	-1	56	229	230	5	5	5	5	5	5	5	5	5	5	231	94	94	232	233	233	233	233	233	233	233	233	233	233	233	233	233	233	233	233	233	233	233	233	233	233	233	234	235	205	205	205	205	205	205	206	
-1	-1	-1	-1	-1	-1	-1	-1	-1	-1	-1	-1	-1	-1	-1	-1	-1	-1	-1	-1	-1	-1	-1	-1	-1	-1	-1	-1	-1	-1	-1	-1	-1	-1	-1	-1	-1	-1	-1	-1	56	229	236	94	95	237	238	239	64	-1	-1	-1	-1	-1	-1	-1	56	65	229	94	94	94	94	94	94	94	94	94	94	240	65	65	241	242	242	242	242	242	242	242	242	242	242	242	242	242	242	242	242	242	242	242	242	242	242	242	243	244	245	245	245	245	245	245	246	
-1	-1	-1	-1	-1	-1	-1	-1	-1	-1	-1	-1	-1	-1	-1	-1	-1	-1	-1	-1	-1	-1	-1	-1	-1	-1	-1	-1	-1	-1	-1	-1	-1	-1	-1	-1	-1	-1	-1	-1	247	108	108	108	109	110	248	249	113	-1	-1	-1	-1	-1	-1	-1	250	251	251	251	251	251	251	251	251	251	251	251	251	251	251	251	252	253	253	253	253	253	253	253	253	253	253	253	253	253	253	253	253	253	253	253	253	253	253	253	254	255	255	255	255	255	255	255	256	
-1	-1	-1	-1	-1	-1	-1	-1	-1	-1	-1	-1	-1	-1	-1	-1	-1	-1	-1	-1	-1	-1	-1	-1	0	1	1	1	1	1	1	1	1	1	1	1	1	1	1	1	257	5	5	5	258	259	260	261	123	-1	-1	-1	-1	-1	-1	-1	-1	-1	-1	-1	-1	-1	-1	-1	-1	-1	-1	-1	-1	-1	-1	-1	-1	-1	-1	-1	-1	-1	-1	-1	-1	-1	-1	-1	-1	-1	-1	-1	-1	-1	-1	-1	-1	-1	-1	-1	-1	-1	-1	-1	-1	-1	-1	-1	-1	
-1	-1	-1	-1	-1	-1	-1	-1	-1	-1	-1	-1	-1	-1	-1	-1	-1	-1	-1	-1	-1	-1	-1	-1	262	5	5	5	5	5	5	5	5	5	5	5	5	5	5	5	5	5	263	264	265	266	267	268	123	-1	-1	-1	-1	-1	-1	-1	-1	-1	-1	-1	-1	-1	-1	-1	-1	-1	-1	-1	-1	-1	-1	-1	-1	-1	-1	-1	-1	-1	-1	-1	-1	-1	-1	-1	-1	-1	-1	-1	-1	-1	-1	-1	-1	-1	-1	-1	-1	-1	-1	-1	-1	-1	-1	-1	-1	
-1	-1	-1	-1	-1	-1	-1	-1	-1	-1	-1	-1	-1	-1	-1	-1	-1	-1	-1	-1	-1	-1	-1	-1	262	5	5	5	5	5	5	5	5	5	5	5	5	5	5	5	5	5	269	270	271	272	273	23	123	-1	-1	-1	-1	-1	-1	-1	-1	-1	-1	-1	-1	-1	-1	-1	-1	-1	-1	-1	-1	-1	-1	-1	-1	-1	-1	-1	-1	-1	-1	-1	-1	-1	-1	-1	-1	-1	-1	-1	-1	-1	-1	-1	-1	-1	-1	-1	-1	-1	-1	-1	-1	-1	-1	-1	-1	
-1	-1	-1	-1	-1	-1	-1	-1	-1	-1	-1	-1	-1	-1	-1	-1	-1	-1	-1	-1	-1	-1	-1	-1	262	5	5	12	13	14	15	5	151	150	5	9	10	11	5	5	5	5	269	274	275	276	122	24	123	-1	-1	-1	-1	-1	-1	-1	-1	-1	-1	-1	-1	-1	-1	-1	-1	-1	-1	-1	-1	-1	-1	-1	-1	-1	-1	-1	-1	-1	-1	-1	-1	-1	-1	-1	-1	-1	-1	-1	-1	-1	-1	-1	-1	-1	-1	-1	-1	-1	-1	-1	-1	-1	-1	-1	-1	
-1	-1	-1	-1	-1	-1	-1	-1	-1	-1	-1	-1	-1	-1	-1	-1	-1	-1	-1	-1	-1	-1	-1	-1	262	5	5	19	20	21	22	5	5	5	9	16	17	42	277	278	5	5	279	280	281	282	135	24	123	-1	-1	-1	-1	-1	-1	-1	-1	-1	-1	-1	-1	-1	-1	-1	-1	-1	-1	-1	-1	-1	-1	-1	-1	-1	-1	-1	-1	-1	-1	-1	-1	-1	-1	-1	-1	-1	-1	-1	-1	-1	-1	-1	-1	-1	-1	-1	-1	-1	-1	-1	-1	-1	-1	-1	-1	
-1	-1	-1	-1	-1	-1	-1	-1	-1	-1	-1	-1	-1	-1	-1	-1	-1	-1	-1	-1	-1	-1	-1	-1	262	5	5	29	30	31	283	10	10	10	16	23	24	8	284	159	285	10	286	287	288	289	23	24	123	-1	-1	-1	-1	-1	-1	-1	-1	-1	-1	-1	-1	-1	-1	-1	-1	-1	-1	-1	-1	-1	-1	-1	-1	-1	-1	-1	-1	-1	-1	-1	-1	-1	-1	-1	-1	-1	-1	-1	-1	-1	-1	-1	-1	-1	-1	-1	-1	-1	-1	-1	-1	-1	-1	-1	-1	
-1	-1	-1	-1	-1	-1	-1	-1	-1	-1	-1	-1	-1	-1	-1	-1	-1	-1	-1	-1	-1	-1	-1	-1	262	290	35	36	37	38	291	17	17	17	23	24	24	8	284	24	25	17	17	17	17	292	24	24	123	-1	-1	-1	-1	-1	-1	-1	-1	-1	-1	-1	-1	-1	-1	-1	-1	-1	-1	-1	-1	-1	-1	-1	-1	-1	-1	-1	-1	-1	-1	-1	-1	-1	-1	-1	-1	-1	-1	-1	-1	-1	-1	-1	-1	-1	-1	-1	-1	-1	-1	-1	-1	-1	-1	-1	-1	
-1	-1	-1	-1	-1	-1	-1	-1	-1	-1	-1	-1	-1	-1	-1	-1	-1	-1	-1	-1	-1	-1	-1	-1	262	293	294	295	46	46	46	46	47	48	48	48	48	296	297	48	48	48	48	48	48	48	48	48	298	-1	-1	-1	-1	-1	-1	-1	-1	-1	-1	-1	-1	-1	-1	-1	-1	-1	-1	-1	-1	-1	-1	-1	-1	-1	-1	-1	-1	-1	-1	-1	-1	-1	-1	-1	-1	-1	-1	-1	-1	-1	-1	-1	-1	-1	-1	-1	-1	-1	-1	-1	-1	-1	-1	-1	-1	
-1	-1	-1	-1	-1	-1	-1	-1	-1	-1	-1	-1	-1	-1	-1	-1	-1	-1	-1	-1	-1	-1	-1	-1	262	293	299	300	301	302	65	65	64	-1	-1	-1	-1	-1	-1	-1	-1	-1	-1	-1	-1	-1	-1	-1	-1	-1	-1	-1	-1	-1	-1	-1	-1	-1	-1	-1	-1	-1	-1	-1	-1	-1	-1	-1	-1	-1	-1	-1	-1	-1	-1	-1	-1	-1	-1	-1	-1	-1	-1	-1	-1	-1	-1	-1	-1	-1	-1	-1	-1	-1	-1	-1	-1	-1	-1	-1	-1	-1	-1	-1	-1	
-1	-1	-1	-1	-1	-1	-1	-1	-1	-1	-1	-1	-1	-1	-1	-1	-1	-1	-1	-1	-1	-1	-1	-1	262	303	304	305	306	307	63	65	64	-1	-1	-1	-1	-1	-1	-1	-1	-1	-1	-1	-1	-1	-1	-1	-1	-1	-1	-1	-1	-1	-1	-1	-1	-1	-1	-1	-1	-1	-1	-1	-1	-1	-1	-1	-1	-1	-1	-1	-1	-1	-1	-1	-1	-1	-1	-1	-1	-1	-1	-1	-1	-1	-1	-1	-1	-1	-1	-1	-1	-1	-1	-1	-1	-1	-1	-1	-1	-1	-1	-1	-1	
-1	-1	-1	-1	-1	-1	-1	-1	-1	-1	-1	-1	-1	-1	-1	-1	-1	-1	-1	-1	-1	-1	-1	-1	262	138	308	309	310	311	312	65	64	-1	-1	-1	-1	-1	-1	-1	-1	-1	-1	-1	-1	-1	-1	-1	-1	-1	-1	-1	-1	-1	-1	-1	-1	-1	-1	-1	-1	-1	-1	-1	-1	-1	-1	-1	-1	-1	-1	-1	-1	-1	-1	-1	-1	-1	-1	-1	-1	-1	-1	-1	-1	-1	-1	-1	-1	-1	-1	-1	-1	-1	-1	-1	-1	-1	-1	-1	-1	-1	-1	-1	-1	
-1	-1	-1	-1	-1	-1	-1	-1	-1	-1	-1	-1	-1	-1	-1	-1	-1	-1	-1	-1	-1	-1	-1	-1	262	151	313	314	315	316	317	65	64	-1	-1	-1	-1	-1	-1	-1	-1	-1	-1	-1	-1	-1	-1	-1	-1	-1	-1	-1	-1	-1	-1	-1	-1	-1	-1	-1	-1	-1	-1	-1	-1	-1	-1	-1	-1	-1	-1	-1	-1	-1	-1	-1	-1	-1	-1	-1	-1	-1	-1	-1	-1	-1	-1	-1	-1	-1	-1	-1	-1	-1	-1	-1	-1	-1	-1	-1	-1	-1	-1	-1	-1	
-1	-1	-1	-1	-1	-1	-1	-1	-1	-1	-1	-1	-1	-1	-1	-1	-1	-1	-1	-1	-1	-1	-1	-1	262	5	318	275	319	320	321	63	64	-1	-1	-1	-1	-1	-1	-1	-1	-1	-1	-1	-1	-1	-1	-1	-1	-1	-1	-1	-1	-1	-1	-1	-1	-1	-1	-1	-1	-1	-1	-1	-1	-1	-1	-1	-1	-1	-1	-1	-1	-1	-1	-1	-1	-1	-1	-1	-1	-1	-1	-1	-1	-1	-1	-1	-1	-1	-1	-1	-1	-1	-1	-1	-1	-1	-1	-1	-1	-1	-1	-1	-1	
-1	-1	-1	-1	-1	-1	-1	-1	-1	-1	-1	-1	-1	-1	-1	-1	-1	-1	-1	-1	-1	-1	-1	-1	262	322	323	324	325	326	327	328	64	-1	-1	-1	-1	-1	-1	-1	-1	-1	-1	-1	-1	-1	-1	-1	-1	-1	-1	-1	-1	-1	-1	-1	-1	-1	-1	-1	-1	-1	-1	-1	-1	-1	-1	-1	-1	-1	-1	-1	-1	-1	-1	-1	-1	-1	-1	-1	-1	-1	-1	-1	-1	-1	-1	-1	-1	-1	-1	-1	-1	-1	-1	-1	-1	-1	-1	-1	-1	-1	-1	-1	-1	
-1	-1	-1	-1	-1	-1	-1	-1	-1	-1	-1	-1	-1	-1	-1	-1	-1	-1	-1	-1	-1	-1	-1	-1	262	329	77	330	331	332	333	249	113	-1	-1	-1	-1	-1	-1	-1	-1	-1	-1	-1	-1	-1	-1	-1	-1	-1	-1	-1	-1	-1	-1	-1	-1	-1	-1	-1	-1	-1	-1	-1	-1	-1	-1	-1	-1	-1	-1	-1	-1	-1	-1	-1	-1	-1	-1	-1	-1	-1	-1	-1	-1	-1	-1	-1	-1	-1	-1	-1	-1	-1	-1	-1	-1	-1	-1	-1	-1	-1	-1	-1	-1	
-1	-1	-1	-1	-1	-1	-1	-1	-1	-1	-1	-1	-1	-1	-1	-1	-1	-1	-1	-1	-1	-1	-1	-1	262	5	5	5	5	119	334	261	123	-1	-1	-1	-1	-1	-1	-1	-1	-1	-1	-1	-1	-1	-1	-1	-1	-1	-1	-1	-1	-1	-1	-1	-1	-1	-1	-1	-1	-1	-1	-1	-1	-1	-1	-1	-1	-1	-1	-1	-1	-1	-1	-1	-1	-1	-1	-1	-1	-1	-1	-1	-1	-1	-1	-1	-1	-1	-1	-1	-1	-1	-1	-1	-1	-1	-1	-1	-1	-1	-1	-1	-1	
-1	-1	-1	-1	-1	-1	-1	-1	-1	-1	-1	-1	-1	-1	-1	-1	-1	-1	-1	-1	-1	-1	-1	-1	262	5	5	5	5	335	336	337	123	-1	-1	-1	-1	-1	-1	-1	-1	-1	-1	-1	-1	-1	-1	-1	-1	-1	-1	-1	-1	-1	-1	-1	-1	-1	-1	-1	-1	-1	-1	-1	-1	-1	-1	-1	-1	-1	-1	-1	-1	-1	-1	-1	-1	-1	-1	-1	-1	-1	-1	-1	-1	-1	-1	-1	-1	-1	-1	-1	-1	-1	-1	-1	-1	-1	-1	-1	-1	-1	-1	-1	-1	
-1	-1	-1	-1	-1	-1	-1	-1	-1	-1	-1	-1	-1	-1	-1	-1	-1	-1	-1	-1	-1	-1	-1	-1	262	338	339	5	5	340	341	24	123	-1	-1	-1	-1	-1	-1	-1	-1	-1	-1	-1	-1	-1	-1	-1	-1	-1	-1	-1	-1	-1	-1	-1	-1	-1	-1	-1	-1	-1	-1	-1	-1	-1	-1	-1	-1	-1	-1	-1	-1	-1	-1	-1	-1	-1	-1	-1	-1	-1	-1	-1	-1	-1	-1	-1	-1	-1	-1	-1	-1	-1	-1	-1	-1	-1	-1	-1	-1	-1	-1	-1	-1	
-1	-1	-1	-1	-1	-1	-1	-1	-1	-1	-1	-1	-1	-1	-1	-1	-1	-1	-1	-1	-1	-1	-1	-1	262	342	54	5	343	344	24	24	123	-1	-1	-1	-1	-1	-1	-1	-1	-1	-1	-1	-1	-1	-1	-1	-1	-1	-1	-1	-1	-1	-1	-1	-1	-1	-1	-1	-1	-1	-1	-1	-1	-1	-1	-1	-1	-1	-1	-1	-1	-1	-1	-1	-1	-1	-1	-1	-1	-1	-1	-1	-1	-1	-1	-1	-1	-1	-1	-1	-1	-1	-1	-1	-1	-1	-1	-1	-1	-1	-1	-1	-1	
-1	-1	-1	-1	-1	-1	-1	-1	-1	-1	-1	-1	-1	-1	-1	-1	-1	-1	-1	-1	-1	-1	-1	-1	262	88	5	5	345	346	347	348	123	-1	-1	-1	-1	-1	-1	-1	-1	-1	-1	-1	-1	-1	-1	-1	-1	-1	-1	-1	-1	-1	-1	-1	-1	-1	-1	-1	-1	-1	-1	-1	-1	-1	-1	-1	-1	-1	-1	-1	-1	-1	-1	-1	-1	-1	-1	-1	-1	-1	-1	-1	-1	-1	-1	-1	-1	-1	-1	-1	-1	-1	-1	-1	-1	-1	-1	-1	-1	-1	-1	-1	-1	
-1	-1	-1	-1	-1	-1	-1	-1	-1	-1	-1	-1	-1	-1	-1	-1	-1	-1	-1	-1	-1	-1	-1	-1	262	349	278	5	293	350	351	352	123	-1	-1	-1	-1	-1	-1	-1	-1	-1	-1	-1	-1	-1	-1	-1	-1	-1	-1	-1	-1	-1	-1	-1	-1	-1	-1	-1	-1	-1	-1	-1	-1	-1	-1	-1	-1	-1	-1	-1	-1	-1	-1	-1	-1	-1	-1	-1	-1	-1	-1	-1	-1	-1	-1	-1	-1	-1	-1	-1	-1	-1	-1	-1	-1	-1	-1	-1	-1	-1	-1	-1	-1	
-1	-1	-1	-1	-1	-1	-1	-1	-1	-1	-1	-1	-1	-1	-1	-1	-1	-1	-1	-1	-1	-1	-1	-1	262	284	353	5	354	355	162	163	123	-1	-1	-1	-1	-1	-1	-1	-1	-1	-1	-1	-1	-1	-1	-1	-1	-1	-1	-1	-1	-1	-1	-1	-1	-1	-1	-1	-1	-1	-1	-1	-1	-1	-1	-1	-1	-1	-1	-1	-1	-1	-1	-1	-1	-1	-1	-1	-1	-1	-1	-1	-1	-1	-1	-1	-1	-1	-1	-1	-1	-1	-1	-1	-1	-1	-1	-1	-1	-1	-1	-1	-1	
-1	-1	-1	-1	-1	-1	-1	-1	-1	-1	-1	-1	-1	-1	-1	-1	-1	-1	-1	-1	-1	-1	-1	-1	262	356	357	5	356	52	358	45	172	-1	-1	-1	-1	-1	-1	-1	-1	-1	-1	-1	-1	-1	-1	-1	-1	-1	-1	-1	-1	-1	-1	-1	-1	-1	-1	-1	-1	-1	-1	-1	-1	-1	-1	-1	-1	-1	-1	-1	-1	-1	-1	-1	-1	-1	-1	-1	-1	-1	-1	-1	-1	-1	-1	-1	-1	-1	-1	-1	-1	-1	-1	-1	-1	-1	-1	-1	-1	-1	-1	-1	-1	
-1	-1	-1	-1	-1	-1	-1	-1	-1	-1	-1	-1	-1	-1	-1	-1	-1	-1	-1	-1	-1	-1	-1	-1	262	5	5	5	5	9	359	360	64	-1	-1	-1	-1	-1	-1	-1	-1	-1	-1	-1	-1	-1	-1	-1	-1	-1	-1	-1	-1	-1	-1	-1	-1	-1	-1	-1	-1	-1	-1	-1	-1	-1	-1	-1	-1	-1	-1	-1	-1	-1	-1	-1	-1	-1	-1	-1	-1	-1	-1	-1	-1	-1	-1	-1	-1	-1	-1	-1	-1	-1	-1	-1	-1	-1	-1	-1	-1	-1	-1	-1	-1	
-1	-1	-1	-1	-1	-1	-1	-1	-1	-1	-1	-1	-1	-1	-1	-1	-1	-1	-1	-1	-1	-1	-1	-1	262	5	5	5	9	361	362	363	64	-1	-1	-1	-1	-1	-1	-1	-1	-1	-1	-1	-1	-1	-1	-1	-1	-1	-1	-1	-1	-1	-1	-1	-1	-1	-1	-1	-1	-1	-1	-1	-1	-1	-1	-1	-1	-1	-1	-1	-1	-1	-1	-1	-1	-1	-1	-1	-1	-1	-1	-1	-1	-1	-1	-1	-1	-1	-1	-1	-1	-1	-1	-1	-1	-1	-1	-1	-1	-1	-1	-1	-1	
-1	-1	-1	-1	-1	-1	-1	-1	-1	-1	-1	-1	-1	-1	-1	-1	-1	-1	-1	-1	-1	-1	-1	-1	262	5	5	9	361	363	65	65	64	-1	-1	-1	-1	-1	-1	-1	-1	-1	-1	-1	-1	-1	-1	-1	-1	-1	-1	-1	-1	-1	-1	-1	-1	-1	-1	-1	-1	-1	-1	-1	-1	-1	-1	-1	-1	-1	-1	-1	-1	-1	-1	-1	-1	-1	-1	-1	-1	-1	-1	-1	-1	-1	-1	-1	-1	-1	-1	-1	-1	-1	-1	-1	-1	-1	-1	-1	-1	-1	-1	-1	-1	
-1	-1	-1	-1	-1	-1	-1	-1	-1	-1	-1	-1	-1	-1	-1	-1	-1	-1	-1	-1	-1	-1	-1	-1	262	364	365	366	367	110	368	369	64	-1	-1	-1	-1	-1	-1	-1	-1	-1	-1	-1	-1	-1	-1	-1	-1	-1	-1	-1	-1	-1	-1	-1	-1	-1	-1	-1	-1	-1	-1	-1	-1	-1	-1	-1	-1	-1	-1	-1	-1	-1	-1	-1	-1	-1	-1	-1	-1	-1	-1	-1	-1	-1	-1	-1	-1	-1	-1	-1	-1	-1	-1	-1	-1	-1	-1	-1	-1	-1	-1	-1	-1	
-1	-1	-1	-1	-1	-1	-1	-1	-1	-1	-1	-1	-1	-1	-1	-1	-1	-1	-1	-1	-1	-1	-1	-1	262	370	371	5	372	373	374	375	64	-1	-1	-1	-1	-1	-1	-1	-1	-1	-1	-1	-1	-1	-1	-1	-1	-1	-1	-1	-1	-1	-1	-1	-1	-1	-1	-1	-1	-1	-1	-1	-1	-1	-1	-1	-1	-1	-1	-1	-1	-1	-1	-1	-1	-1	-1	-1	-1	-1	-1	-1	-1	-1	-1	-1	-1	-1	-1	-1	-1	-1	-1	-1	-1	-1	-1	-1	-1	-1	-1	-1	-1	
-1	-1	-1	-1	-1	-1	-1	-1	-1	-1	-1	-1	-1	-1	-1	-1	-1	-1	-1	-1	-1	-1	-1	-1	376	67	10	10	377	378	379	380	64	-1	-1	-1	-1	-1	-1	-1	-1	-1	-1	-1	-1	-1	-1	-1	-1	-1	-1	-1	-1	-1	-1	-1	-1	-1	-1	-1	-1	-1	-1	-1	-1	-1	-1	-1	-1	-1	-1	-1	-1	-1	-1	-1	-1	-1	-1	-1	-1	-1	-1	-1	-1	-1	-1	-1	-1	-1	-1	-1	-1	-1	-1	-1	-1	-1	-1	-1	-1	-1	-1	-1	-1	
-1	-1	-1	-1	-1	-1	-1	-1	-1	-1	-1	-1	-1	-1	-1	-1	-1	-1	-1	-1	-1	-1	-1	-1	381	77	77	77	332	382	383	249	113	-1	-1	-1	-1	-1	-1	-1	-1	-1	-1	-1	-1	-1	-1	-1	-1	-1	-1	-1	-1	-1	-1	-1	-1	-1	-1	-1	-1	-1	-1	-1	-1	-1	-1	-1	-1	-1	-1	-1	-1	-1	-1	-1	-1	-1	-1	-1	-1	-1	-1	-1	-1	-1	-1	-1	-1	-1	-1	-1	-1	-1	-1	-1	-1	-1	-1	-1	-1	-1	-1	-1	-1	
0	1	1	1	1	1	1	1	1	1	1	1	1	1	1	1	1	1	1	1	1	1	1	1	257	5	5	5	258	259	260	261	123	-1	-1	-1	-1	-1	-1	-1	-1	-1	-1	-1	-1	-1	-1	-1	-1	-1	-1	-1	-1	-1	-1	-1	-1	-1	-1	-1	-1	-1	-1	-1	-1	-1	-1	-1	-1	-1	-1	-1	-1	-1	-1	-1	-1	-1	-1	-1	-1	-1	-1	-1	-1	-1	-1	-1	-1	-1	-1	-1	-1	-1	-1	-1	-1	-1	-1	-1	-1	-1	-1	-1	-1	
262	5	5	5	5	5	5	5	5	5	5	5	5	5	5	5	5	5	5	5	5	5	5	5	5	5	263	264	265	266	267	268	123	-1	-1	-1	-1	-1	-1	-1	-1	-1	-1	-1	-1	-1	-1	-1	-1	-1	-1	-1	-1	-1	-1	-1	-1	-1	-1	-1	-1	-1	-1	-1	-1	-1	-1	-1	-1	-1	-1	-1	-1	-1	-1	-1	-1	-1	-1	-1	-1	-1	-1	-1	-1	-1	-1	-1	-1	-1	-1	-1	-1	-1	-1	-1	-1	-1	-1	-1	-1	-1	-1	-1	-1	
376	10	384	385	10	33	11	9	10	10	384	385	10	33	11	9	11	5	5	5	5	5	5	5	5	5	269	270	271	272	273	23	123	-1	-1	-1	-1	-1	-1	-1	-1	-1	-1	-1	-1	-1	-1	-1	-1	-1	-1	-1	-1	-1	-1	-1	-1	-1	-1	-1	-1	-1	-1	-1	-1	-1	-1	-1	-1	-1	-1	-1	-1	-1	-1	-1	-1	-1	-1	-1	-1	-1	-1	-1	-1	-1	-1	-1	-1	-1	-1	-1	-1	-1	-1	-1	-1	-1	-1	-1	-1	-1	-1	-1	-1	
386	387	388	389	390	391	392	99	393	387	388	389	390	394	100	99	395	150	5	9	10	11	5	5	5	5	269	274	275	276	122	24	123	-1	-1	-1	-1	-1	-1	-1	-1	-1	-1	-1	-1	-1	-1	-1	-1	-1	-1	-1	-1	-1	-1	-1	-1	-1	-1	-1	-1	-1	-1	-1	-1	-1	-1	-1	-1	-1	-1	-1	-1	-1	-1	-1	-1	-1	-1	-1	-1	-1	-1	-1	-1	-1	-1	-1	-1	-1	-1	-1	-1	-1	-1	-1	-1	-1	-1	-1	-1	-1	-1	-1	-1	
396	397	398	399	400	5	5	5	401	397	398	399	158	5	5	5	5	5	9	16	17	42	277	278	5	5	279	280	281	282	135	24	123	-1	-1	-1	-1	-1	-1	-1	-1	-1	-1	-1	-1	-1	-1	-1	-1	-1	-1	-1	-1	-1	-1	-1	-1	-1	-1	-1	-1	-1	-1	-1	-1	-1	-1	-1	-1	-1	-1	-1	-1	-1	-1	-1	-1	-1	-1	-1	-1	-1	-1	-1	-1	-1	-1	-1	-1	-1	-1	-1	-1	-1	-1	-1	-1	-1	-1	-1	-1	-1	-1	-1	-1	
402	403	404	405	406	10	10	10	407	403	404	405	408	10	10	10	10	10	16	23	24	8	284	159	285	10	286	287	288	289	23	24	123	-1	-1	-1	-1	-1	-1	-1	-1	-1	-1	-1	-1	-1	-1	-1	-1	-1	-1	-1	-1	-1	-1	-1	-1	-1	-1	-1	-1	-1	-1	-1	-1	-1	-1	-1	-1	-1	-1	-1	-1	-1	-1	-1	-1	-1	-1	-1	-1	-1	-1	-1	-1	-1	-1	-1	-1	-1	-1	-1	-1	-1	-1	-1	-1	-1	-1	-1	-1	-1	-1	-1	-1	
409	17	17	17	17	17	17	17	17	17	17	17	17	17	17	17	17	17	23	24	24	8	284	24	25	17	17	17	17	292	24	24	123	-1	-1	-1	-1	-1	-1	-1	-1	-1	-1	-1	-1	-1	-1	-1	-1	-1	-1	-1	-1	-1	-1	-1	-1	-1	-1	-1	-1	-1	-1	-1	-1	-1	-1	-1	-1	-1	-1	-1	-1	-1	-1	-1	-1	-1	-1	-1	-1	-1	-1	-1	-1	-1	-1	-1	-1	-1	-1	-1	-1	-1	-1	-1	-1	-1	-1	-1	-1	-1	-1	-1	-1	
#Tile_Matrix_End
#Objects
ObjCount
297
ObjID	TypeID	PosX	PosY	Width	Height	PosXCollide	PosYCollide	WidthCollide	HeightCollide
1	340	129	111	8	8	125	115	8	8
2	340	897	111	8	8	893	115	8	8
1361	340	897	232	8	8	893	236	8	8
1362	340	897	472	8	8	893	476	8	8
1363	340	897	712	8	8	893	716	8	8
1364	340	897	952	8	8	893	956	8	8
3	340	897	1071	8	8	893	1081	8	8
4	340	1409	1071	8	8	1405	1081	8	8
1365	340	1409	1192	8	8	1405	1196	8	8
1366	340	1409	1432	8	8	1405	1436	8	8
1367	340	1409	1672	8	8	1405	1676	8	8
1368	340	1409	1914	8	8	1405	1918	8	8
5	340	1409	2031	8	8	1405	2041	8	8
6	340	1921	2031	8	8	1917	2041	8	8
1369	340	1921	1914	8	8	1917	1918	8	8
1370	340	1921	1672	8	8	1917	1676	8	8
1371	340	1921	1432	8	8	1917	1436	8	8
7	340	1921	1311	8	8	1917	1321	8	8
10	29	145	55	32	32	129	71	32	32
13	29	177	55	32	32	161	71	32	32
14	29	145	151	32	32	129	167	32	32
15	29	401	151	32	32	385	167	32	32
16	29	433	87	32	32	417	103	32	32
17	29	401	55	32	32	385	71	32	32
18	29	433	55	32	32	417	71	32	32
19	29	657	119	32	32	641	135	32	32
20	29	1169	1079	32	32	1153	1095	32	32
21	29	1393	1255	32	32	1377	1271	32	32
22	29	1393	1767	32	32	1377	1783	32	32
23	29	1873	1255	32	32	1857	1271	32	32
24	29	1841	1287	32	32	1825	1303	32	32
26	29	1873	1287	32	32	1857	1303	32	32
27	29	1905	1255	32	32	1889	1271	32	32
29	29	3137	1255	32	32	3121	1271	32	32
30	29	3169	1255	32	32	3153	1271	32	32
31	30	1929	1455	16	16	1921	1463	16	16
33	30	1945	1455	16	16	1937	1463	16	16
34	30	1961	1455	16	16	1953	1463	16	16
35	30	1977	1455	16	16	1969	1463	16	16
36	30	1993	1455	16	16	1985	1463	16	16
37	30	2009	1455	16	16	2001	1463	16	16
38	30	2025	1455	16	16	2017	1463	16	16
39	30	2041	1455	16	16	2033	1463	16	16
40	30	2009	1615	16	16	2001	1623	16	16
41	30	2025	1615	16	16	2017	1623	16	16
44	22	289	31	576	16	1	39	576	16
45	22	593	63	32	16	577	71	32	16
46	22	641	95	64	16	609	103	64	16
47	22	617	79	16	16	609	87	16	16
48	22	585	47	16	16	577	55	16	16
49	22	41	127	80	16	1	135	80	16
50	22	129	127	64	16	97	135	64	16
51	22	185	127	16	16	177	135	16	16
52	22	281	127	112	16	225	135	112	16
54	22	441	127	16	16	433	135	16	16
55	22	497	127	32	16	481	135	32	16
56	22	545	111	32	16	529	119	32	16
58	23	89	87	16	96	81	135	16	96
59	23	169	119	16	32	161	135	16	32
60	23	345	87	16	96	337	135	16	96
61	23	425	119	16	32	417	135	16	32
62	22	665	44	16	87	657	87	16	87
63	22	713	44	16	87	705	87	16	87
64	22	729	63	16	48	721	87	16	48
65	22	953	47	16	49	945	71	16	49
66	22	969	104	16	65	961	136	16	65
67	22	873	151	16	32	865	167	16	32
68	22	841	119	16	96	833	167	16	96
69	22	752	47	33	16	736	55	33	16
70	22	855	31	177	16	767	39	177	16
71	22	889	79	48	16	865	87	48	16
72	22	953	159	80	16	913	167	80	16
73	22	921	143	16	16	913	151	16	16
74	23	857	119	16	96	849	167	16	96
76	23	809	303	16	80	801	343	16	80
77	22	1001	247	16	161	993	327	16	161
79	22	849	255	160	16	769	263	160	16
80	22	921	239	16	16	913	247	16	16
81	22	825	327	16	32	817	343	16	32
82	22	881	351	32	16	865	359	32	16
83	22	913	383	32	16	897	391	32	16
84	22	905	367	16	16	897	375	16	16
85	22	873	335	16	16	865	343	16	16
86	22	961	415	64	16	929	423	64	16
88	22	937	399	16	16	929	407	16	16
91	23	921	551	16	96	913	599	16	96
93	23	809	583	16	96	801	631	16	96
94	22	825	616	16	31	817	631	16	31
95	22	905	583	16	32	897	599	16	32
96	22	809	503	16	64	801	535	16	64
97	22	825	519	16	33	817	535	16	33
98	22	841	487	16	32	833	503	16	32
99	22	1001	495	16	145	993	567	16	145
100	22	937	599	16	64	929	631	16	64
101	22	953	623	16	16	945	631	16	16
105	22	937	479	80	16	897	487	80	16
106	23	985	703	16	80	977	743	16	80
109	23	825	927	16	112	817	983	16	112
110	22	849	735	64	16	817	743	64	16
111	22	945	735	64	16	913	743	64	16
112	22	945	719	64	16	913	727	64	16
113	22	849	719	64	16	817	727	64	16
115	22	904	815	113	16	848	823	113	16
116	22	857	863	80	16	817	871	80	16
117	22	1001	728	16	127	993	791	16	127
118	22	969	839	16	97	961	887	16	97
119	22	985	799	16	16	977	807	16	16
120	22	896	975	129	16	832	983	129	16
121	22	848	959	33	16	832	967	33	16
122	22	873	943	16	16	865	951	16	16
123	22	905	927	48	16	881	935	48	16
124	22	937	911	16	16	929	919	16	16
125	22	953	895	16	16	945	903	16	16
126	22	1025	991	128	16	961	999	128	16
127	22	1105	1023	32	16	1089	1031	32	16
128	22	1153	1055	64	16	1121	1063	64	16
129	22	1129	1039	16	16	1121	1047	16	16
130	22	1097	1007	16	16	1089	1015	16	16
131	22	1057	1071	32	16	1041	1079	32	16
132	22	1177	1004	16	89	1169	1048	16	89
133	22	1233	1039	32	16	1217	1047	32	16
134	22	1265	1007	32	16	1249	1015	32	16
135	22	1368	991	177	16	1280	999	177	16
136	22	1241	1024	16	16	1233	1032	16	16
137	22	1225	995	16	72	1217	1031	16	72
138	22	1400	1039	49	16	1376	1047	49	16
139	22	1465	1119	80	16	1425	1127	80	16
140	22	1449	1103	48	16	1425	1111	48	16
141	22	1353	1080	16	95	1345	1127	16	95
142	22	1385	1111	16	32	1377	1127	16	32
143	22	1481	1063	16	65	1473	1095	16	65
144	22	1465	1015	16	33	1457	1031	16	33
145	23	1497	1183	16	112	1489	1239	16	112
146	22	1513	1295	16	336	1505	1463	16	336
147	22	1305	1335	16	193	1297	1431	16	193
148	22	1400	1231	177	16	1312	1239	177	16
149	22	1488	1311	31	16	1473	1319	31	16
150	22	1489	1359	32	16	1473	1367	32	16
151	22	1425	1327	32	16	1409	1335	32	16
152	22	1328	1359	33	16	1312	1367	33	16
153	22	1328	1311	33	16	1312	1319	33	16
154	22	1369	1311	16	16	1361	1319	16	16
155	23	1353	1279	16	80	1345	1319	16	80
156	23	1497	1415	16	96	1489	1463	16	96
158	22	1433	1455	112	16	1377	1463	112	16
159	22	1457	1503	96	16	1409	1511	96	16
160	22	1457	1535	32	16	1441	1543	32	16
161	22	1449	1519	16	16	1441	1527	16	16
162	22	1345	1503	64	16	1313	1511	64	16
163	22	1489	1567	32	16	1473	1575	32	16
164	22	1513	1567	16	209	1505	1671	16	209
168	22	1481	1551	16	16	1473	1559	16	16
169	22	1513	1847	16	64	1505	1879	16	64
170	22	1481	1783	16	65	1473	1815	16	65
171	22	1497	1807	16	16	1489	1815	16	16
174	22	1409	1743	128	16	1345	1751	128	16
175	22	1328	1807	33	16	1312	1815	33	16
176	23	1353	1783	16	64	1345	1815	16	64
177	23	1337	1895	16	96	1329	1943	16	96
178	22	1321	1911	16	64	1313	1943	16	64
179	22	1352	1911	16	64	1344	1943	16	64
180	22	1289	2079	16	16	1281	2087	16	16
181	22	1305	2015	16	145	1297	2087	16	145
182	22	1432	1935	146	16	1359	1943	146	16
183	22	1521	1951	32	16	1505	1959	32	16
184	22	1553	1983	33	16	1537	1991	33	16
185	22	1545	1967	16	16	1537	1975	16	16
186	22	1601	2015	64	16	1569	2023	64	16
187	22	1577	1999	16	16	1569	2007	16	16
188	22	1713	2047	160	16	1633	2055	160	16
189	22	1641	2031	16	16	1633	2039	16	16
190	22	1785	2031	16	16	1777	2039	16	16
191	22	1888	2015	193	16	1792	2023	193	16
192	22	1905	1999	160	16	1825	2007	160	16
193	22	1905	1951	160	16	1825	1959	160	16
194	22	1817	1975	16	33	1809	1991	16	33
195	22	2009	1936	16	47	2001	1959	16	47
197	22	1881	1903	16	16	1873	1911	16	16
198	22	1928	1919	81	16	1888	1927	81	16
199	22	1961	1855	112	16	1905	1863	112	16
202	23	1993	1911	16	96	1985	1959	16	96
203	23	1897	1847	16	32	1889	1863	16	32
204	22	1881	1847	16	32	1873	1863	16	32
205	22	1865	1879	16	34	1857	1896	16	34
206	22	2009	1839	16	16	2001	1847	16	16
207	22	1912	1839	16	16	1904	1847	16	16
208	22	1865	1839	16	16	1857	1847	16	16
209	22	1849	1815	16	33	1841	1831	16	33
210	22	1833	1807	16	16	1825	1815	16	16
211	22	1817	1752	16	97	1809	1800	16	97
212	22	1913	1671	16	64	1905	1703	16	64
213	22	1881	1655	16	96	1873	1703	16	96
214	22	1848	1695	48	16	1824	1703	48	16
215	22	1904	1599	33	16	1888	1607	33	16
216	22	1889	1583	64	16	1857	1591	64	16
217	22	2017	1599	32	16	2001	1607	32	16
218	22	1905	1759	32	16	1889	1767	32	16
219	22	1969	1759	32	16	1953	1767	32	16
221	22	1921	1519	32	16	1905	1527	32	16
222	22	2017	1519	32	16	2001	1527	32	16
223	23	1897	1671	16	64	1889	1703	16	64
224	22	1849	1559	16	33	1841	1575	16	33
225	22	1817	1407	16	272	1809	1543	16	272
226	22	1833	1551	16	16	1825	1559	16	16
227	22	1880	1455	79	16	1841	1463	79	16
228	22	1945	1439	208	16	1841	1447	208	16
229	23	1833	1415	16	96	1825	1463	16	96
230	22	1840	1263	32	16	1824	1271	32	16
231	22	1848	1247	16	16	1840	1255	16	16
232	22	2032	1231	354	16	1855	1239	354	16
235	22	2217	1247	16	16	2209	1255	16	16
236	22	2665	1263	912	16	2209	1271	912	16
238	22	3113	1247	16	16	3105	1255	16	16
239	22	3224	1231	209	16	3120	1239	209	16
240	22	2681	1343	848	16	2257	1351	848	16
242	22	3217	1407	224	16	3105	1415	224	16
243	22	3337	1319	16	161	3329	1399	16	161
244	22	3097	1375	16	50	3089	1400	16	50
246	22	1977	1927	16	33	1969	1943	16	33
247	22	1353	1719	16	34	1345	1736	16	34
248	22	1369	1479	16	34	1361	1496	16	34
249	22	1481	1439	16	16	1473	1447	16	16
250	22	1481	1191	16	65	1473	1223	16	65
251	22	969	231	16	64	961	263	16	64
252	23	985	215	16	96	977	263	16	96
253	22	937	495	80	16	897	503	80	16
254	23	985	463	16	80	977	503	16	80
255	22	977	655	33	16	961	663	33	16
256	22	969	639	16	16	961	647	16	16
257	22	825	815	16	16	817	823	16	16
258	23	841	783	16	80	833	823	16	80
261	23	1369	1079	16	96	1361	1127	16	96
266	29	177	87	32	32	161	103	32	32
267	29	1329	1527	32	32	1313	1543	32	32
311	541	2289	1303	32	64	2273	1335	32	64
312	545	3089	1303	32	64	3073	1335	32	64
318	341	130	63	16	16	122	71	16	16
321	341	1393	1263	16	16	1385	1271	16	16
322	341	2443	1263	16	16	2435	1271	16	16
324	5000	3279	1258	32	32	3191	1295	118	55
325	35	2698	1281	16	16	2670	1301	60	30
326	13	2560	1323	16	16	2531	1335	61	25
327	13	2870	1324	16	16	2832	1335	75	29
330	9	310	77	16	20	290	93	37	32
332	9	376	112	16	20	356	130	40	32
333	9	538	137	16	20	518	157	38	40
334	9	624	147	16	20	604	166	38	41
335	9	585	91	16	20	563	109	40	33
337	40	825	159	15	16	810	175	33	38
339	40	953	110	15	16	933	124	42	30
340	40	985	319	15	16	962	333	44	30
341	40	889	383	15	16	841	527	121	194
342	40	921	415	15	16	841	527	121	194
343	41	841	527	15	16	819	541	40	27
345	40	889	591	15	16	868	607	43	34
346	40	953	655	15	16	932	671	40	31
348	41	889	735	15	16	871	751	35	32
349	40	953	863	15	16	933	883	34	40
351	40	922	911	15	16	903	932	38	38
352	344	913	1019	32	26	885	1045	60	53
353	12	1078	1010	14	19	1058	1025	37	31
354	12	1109	1043	14	19	1090	1060	33	35
355	12	1142	1076	14	19	1121	1095	40	42
356	3	1353	1020	16	16	1334	1037	36	39
359	3	1386	1076	16	16	1370	1091	29	28
362	501	1333	1327	16	16	1311	1344	43	32
364	501	1371	1360	16	16	1354	1378	35	34
365	501	1395	1502	16	16	1379	1515	29	25
368	3	1417	1485	16	16	1403	1502	27	33
378	344	1427	1978	32	26	1386	2006	77	51
379	25	1834	1969	14	16	1814	1988	35	35
380	9	1891	2037	16	20	1870	2057	47	58
381	9	1917	1999	16	20	1891	2020	37	45
382	1	2059	1783	16	21	1961	1798	149	33
383	1	2062	1542	16	21	2006	1566	83	52
384	14	2026	1265	32	48	1992	1306	69	70
385	22	1305	1693	16	372	1297	1879	16	372
386	22	1338	1687	16	32	1330	1703	16	32
387	23	1321	1624	16	159	1313	1703	16	159
388	22	384	127	63	16	353	135	63	16
389	9	281	152	16	20	265	169	33	35
390	340	2304	1311	8	8	2300	1315	8	8
391	340	3216	1311	8	8	3213	1315	8	8
392	501	1462	1055	16	16	1447	1069	46	28
394	501	1329	1293	16	16	1301	1314	42	43
398	22	952	144	48	16	928	152	48	16
399	22	945	336	126	16	882	344	126	16
400	22	978	576	64	16	946	584	64	16
401	22	1432	1889	141	16	1362	1897	141	16
405	3	1336	1743	16	16	1317	1764	43	45
406	3	1369	1259	16	16	1352	1275	40	37
407	501	1442	1566	16	16	1412	1587	55	42
408	501	1478	1599	16	16	1458	1613	52	40
409	501	1325	1743	16	16	1301	1763	39	41
410	501	1423	1775	16	16	1396	1795	57	41
411	501	1336	1836	16	16	1316	1853	42	37
412	3	1481	1846	16	16	1455	1871	52	48
#Objects_End
#Quadtree_Collision
NodeCount
133
NodeID	PosX	PosY	Width	Height	ObjectsCount	ObjectIDs
0	0	3360	3360	3360	0
1	0	3360	1680	1680	0
5	0	3360	840	840	0
6	840	3360	840	840	0
7	0	2520	840	840	0
8	840	2520	840	840	0
33	840	2520	420	420	0
34	1260	2520	420	420	0
35	840	2100	420	420	0
36	1260	2100	420	420	0
145	1260	2100	210	210	8	177	178	179	180	181	182	378	401
146	1470	2100	210	210	9	182	183	184	185	186	187	188	189	401
147	1260	1890	210	210	17	22	174	175	176	177	178	179	247	385	386	387	401	405	409	410	411	412
148	1470	1890	210	210	6	169	170	171	174	401	412
2	1680	3360	1680	1680	0
9	1680	3360	840	840	0
10	2520	3360	840	840	0
11	1680	2520	840	840	0
45	1680	2520	420	420	0
46	2100	2520	420	420	0
47	1680	2100	420	420	0
189	1680	2100	210	210	11	188	190	191	192	193	194	197	198	205	379	380
190	1890	2100	210	210	9	191	192	193	195	198	202	246	380	381
191	1680	1890	210	210	11	203	204	205	208	209	210	211	213	214	218	223
192	1890	1890	210	210	10	199	202	203	206	207	212	218	219	223	382
48	2100	2100	420	420	0
193	2100	2100	210	210	0
194	2310	2100	210	210	0
195	2100	1890	210	210	1	382
196	2310	1890	210	210	0
12	2520	2520	840	840	0
3	0	1680	1680	1680	0
13	0	1680	840	840	0
53	0	1680	420	420	0
54	420	1680	420	420	0
55	0	1260	420	420	0
56	420	1260	420	420	0
225	420	1260	210	210	0
226	630	1260	210	210	0
227	420	1050	210	210	0
228	630	1050	210	210	4	109	116	120	121
14	840	1680	840	840	0
57	840	1680	420	420	0
58	1260	1680	420	420	0
233	1260	1680	210	210	13	159	160	161	162	248	267	365	368	385	386	387	407	408
234	1470	1680	210	210	6	159	160	163	164	168	408
235	1260	1470	210	210	15	21	147	151	152	153	154	155	158	248	321	362	364	368	394	406
236	1470	1470	210	210	7	146	149	150	156	158	164	249
59	840	1260	420	420	0
237	840	1260	210	210	1	131
238	1050	1260	210	210	5	20	128	131	354	355
239	840	1050	210	210	12	116	118	120	121	122	123	124	125	126	349	351	352
240	1050	1050	210	210	12	126	127	128	129	130	132	133	134	136	137	353	354
60	1260	1260	420	420	0
241	1260	1260	210	210	13	21	139	140	141	142	147	148	155	261	321	359	392	406
242	1470	1260	210	210	8	139	140	143	145	146	148	250	392
243	1260	1050	210	210	8	134	135	138	141	144	261	356	392
244	1470	1050	210	210	3	143	144	392
15	0	840	840	840	0
61	0	840	420	420	0
62	420	840	420	420	0
249	420	840	210	210	0
250	630	840	210	210	6	93	94	110	113	257	258
251	420	630	210	210	0
252	630	630	210	210	6	93	94	96	97	98	343
63	0	420	420	420	0
253	0	420	210	210	0
254	210	420	210	210	0
255	0	210	210	210	11	10	13	14	44	49	50	51	58	59	266	318
256	210	210	210	210	12	15	16	17	18	44	52	60	61	330	332	388	389
64	420	420	420	420	0
257	420	420	210	210	0
258	630	420	210	210	3	76	79	81
259	420	210	210	210	14	16	18	44	45	46	47	48	54	55	56	61	333	334	335
260	630	210	210	210	10	19	46	62	63	64	68	69	70	334	337
16	840	840	840	840	0
65	840	840	420	420	0
261	840	840	210	210	16	100	101	106	110	111	112	113	115	117	118	119	255	256	258	346	348
262	1050	840	210	210	0
263	840	630	210	210	15	86	91	95	98	99	100	101	105	253	254	341	342	343	345	400
264	1050	630	210	210	0
66	1260	840	420	420	0
67	840	420	420	420	0
269	840	420	210	210	15	77	79	80	82	83	84	85	86	88	251	252	340	341	342	399
270	1050	420	210	210	0
271	840	210	210	210	15	65	66	67	68	70	71	72	73	74	77	251	252	337	339	398
272	1050	210	210	210	0
68	1260	420	420	420	0
4	1680	1680	1680	1680	0
17	1680	1680	840	840	0
69	1680	1680	420	420	0
277	1680	1680	210	210	7	213	215	216	223	224	225	226
278	1890	1680	210	210	10	40	41	212	215	216	217	221	222	223	383
279	1680	1470	210	210	9	23	24	26	27	225	227	228	229	230
280	1890	1470	210	210	12	27	31	33	34	35	36	37	38	39	227	228	384
70	2100	1680	420	420	0
281	2100	1680	210	210	0
282	2310	1680	210	210	0
283	2100	1470	210	210	3	236	240	311
284	2310	1470	210	210	3	236	240	322
71	1680	1260	420	420	0
285	1680	1260	210	210	5	23	27	230	231	232
286	1890	1260	210	210	3	27	232	384
287	1680	1050	210	210	0
288	1890	1050	210	210	0
72	2100	1260	420	420	0
289	2100	1260	210	210	3	232	235	236
290	2310	1260	210	210	2	236	322
291	2100	1050	210	210	0
292	2310	1050	210	210	0
18	2520	1680	840	840	0
73	2520	1680	420	420	0
293	2520	1680	210	210	0
294	2730	1680	210	210	0
295	2520	1470	210	210	4	236	240	325	326
296	2730	1470	210	210	4	236	240	325	327
74	2940	1680	420	420	0
297	2940	1680	210	210	0
298	3150	1680	210	210	0
299	2940	1470	210	210	6	29	236	240	242	244	312
300	3150	1470	210	210	5	29	30	242	243	324
75	2520	1260	420	420	0
301	2520	1260	210	210	1	236
302	2730	1260	210	210	1	236
303	2520	1050	210	210	0
304	2730	1050	210	210	0
76	2940	1260	420	420	0
305	2940	1260	210	210	4	29	236	238	239
306	3150	1260	210	210	5	29	30	239	243	324
307	2940	1050	210	210	0
308	3150	1050	210	210	0
19	1680	840	840	840	0
20	2520	840	840	840	0
#Quadtree_Collision_End
#Camera_Path_Point
20
129	111
897	111
897	232
897	472
897	712
897	952
897	1071
1409	1071
1409	1192
1409	1432
1409	1672
1409	1914
1409	2031
1921	2031
1921	1914
1921	1672
1921	1432
1921	1311
2304	1311
3216	1311
#Camera_Path_Point_End
