20 4096 1632
0 0 3744 240 320 32
1 0 3616 272 64 224
2 0 3840 48 512 32
3 0 4064 208 64 352
4 0 3600 144 32 32
5 0 3600 112 32 32
6 0 3600 80 32 32
7 26 3584 48 32 32
8 27 4096 48 32 32
9 13 3728 288 32 64
10 13 3984 224 32 64
11 4 3952 208 32 32
12 2 3824 80 32 32
13 2 3760 272 32 32
14 23 3856 368 32 32
15 6 3864 320 16 32
16 6 4008 288 16 32
17 6 3736 160 16 32
18 6 3816 160 16 32
19 0 4000 176 192 32
0 0 0 4096
1 0 0 2048
2 2048 0 4096
17 2048 0 3072
18 3072 0 4096
19 2048 1024 3072
20 3072 1024 4096 0 1 2 3 4 5 6 7 8 9 10 11 12 13 14 15 16 17 18 19
3 0 2048 2048
4 2048 2048 4096
