49 5632 736
0 0 1584 400 3168 32
1 0 3072 496 64 160
2 0 3056 592 544 32
3 0 3056 720 32 32
4 0 3088 720 32 32
5 0 1952 528 192 32
6 0 1664 592 320 32
7 0 1424 528 96 32
8 6 72 496 16 32
9 6 328 496 16 32
10 6 584 496 16 32
11 6 840 496 16 32
12 6 1096 496 16 32
13 6 1544 496 16 32
14 6 1736 496 16 32
15 6 2184 496 16 32
16 6 2312 496 16 32
17 6 2440 496 16 32
18 6 2056 496 16 32
19 6 2632 592 16 32
20 6 2792 496 16 32
21 6 2952 496 16 32
22 6 2952 688 16 32
23 22 3056 624 32 32
24 27 3072 432 32 32
25 26 16 400 32 32
26 7 1656 625 48 30
27 7 1400 561 48 30
28 7 1880 561 48 30
29 4 1520 624 32 32
30 4 1392 560 32 32
31 4 2800 624 32 32
32 2 2608 432 32 32
33 2 1456 560 32 32
34 2 1264 432 32 32
35 3 1808 624 32 32
36 1 1872 560 32 32
37 6 1544 688 16 32
38 6 1736 688 16 32
39 6 1288 624 16 32
40 10 1040 448 32 64
41 10 816 448 32 64
42 10 560 448 32 64
43 10 304 448 32 64
44 10 2288 448 32 64
45 10 2160 448 32 64
46 10 2416 448 32 64
47 10 2896 448 32 64
48 25 3078 656 44 96
0 0 0 5632
1 0 0 2816
9 0 0 1408
73 0 0 704 43 42 25 10 9 8 0
74 704 0 1408 41 40 39 34 30 27 12 11 7 0
75 0 704 704
76 704 704 1408
10 1408 0 2816
81 1408 0 2112 38 37 36 35 33 29 28 27 26 18 14 13 7 6 5 0
82 2112 0 2816 46 45 44 32 31 20 19 17 16 15 2 0
83 1408 704 2112
84 2112 704 2816
11 0 1408 1408
12 1408 1408 2816
2 2816 0 5632
17 2816 0 4224
137 2816 0 3520 48 47 24 23 22 21 4 3 2 1 0
138 3520 0 4224
139 2816 704 3520
140 3520 704 4224
18 4224 0 5632
19 2816 1408 4224
20 4224 1408 5632
3 0 2816 2816
4 2816 2816 5632
