49
480 1536 320
0 0 16 304
1 0 48 304
2 1 80 304
3 2 112 304
4 1 144 304
5 2 176 304
6 1 208 304
7 2 240 304
8 1 272 304
9 2 304 304
10 1 336 304
11 2 368 304
12 0 400 304
13 0 432 304
14 0 464 304
15 0 496 304
16 0 528 304
17 0 560 304
18 1 592 304
19 2 624 304
20 1 656 304
21 2 688 304
22 1 720 304
23 2 752 304
24 1 784 304
25 2 816 304
26 1 848 304
27 2 880 304
28 0 912 304
29 0 944 304
30 0 976 304
31 0 1008 304
32 0 1040 304
33 0 1072 304
34 0 1104 304
35 0 1136 304
36 0 1168 304
37 0 1200 304
38 0 1232 304
39 0 1264 304
40 3 1296 304
41 4 1328 304
42 5 1360 304
43 6 1392 304
44 5 1424 304
45 6 1456 304
46 7 1488 304
47 8 1520 304
48 9 16 272
49 10 48 272
50 9 80 272
51 10 112 272
52 9 144 272
53 10 176 272
54 9 208 272
55 10 240 272
56 9 272 272
57 10 304 272
58 9 336 272
59 10 368 272
60 0 400 272
61 0 432 272
62 0 464 272
63 0 496 272
64 9 528 272
65 10 560 272
66 9 592 272
67 10 624 272
68 9 656 272
69 10 688 272
70 9 720 272
71 10 752 272
72 9 784 272
73 10 816 272
74 9 848 272
75 10 880 272
76 0 912 272
77 0 944 272
78 0 976 272
79 0 1008 272
80 0 1040 272
81 0 1072 272
82 0 1104 272
83 0 1136 272
84 0 1168 272
85 0 1200 272
86 0 1232 272
87 0 1264 272
88 8 1296 272
89 8 1328 272
90 4 1360 272
91 11 1392 272
92 4 1424 272
93 11 1456 272
94 12 1488 272
95 8 1520 272
96 13 16 240
97 14 48 240
98 13 80 240
99 14 112 240
100 13 144 240
101 14 176 240
102 13 208 240
103 14 240 240
104 13 272 240
105 14 304 240
106 13 336 240
107 14 368 240
108 1 400 240
109 2 432 240
110 1 464 240
111 2 496 240
112 13 528 240
113 14 560 240
114 13 592 240
115 14 624 240
116 13 656 240
117 14 688 240
118 13 720 240
119 14 752 240
120 13 784 240
121 14 816 240
122 13 848 240
123 14 880 240
124 1 912 240
125 2 944 240
126 1 976 240
127 2 1008 240
128 1 1040 240
129 2 1072 240
130 1 1104 240
131 2 1136 240
132 1 1168 240
133 2 1200 240
134 1 1232 240
135 2 1264 240
136 8 1296 240
137 15 1328 240
138 16 1360 240
139 11 1392 240
140 16 1424 240
141 11 1456 240
142 17 1488 240
143 8 1520 240
144 9 16 208
145 10 48 208
146 18 80 208
147 19 112 208
148 9 144 208
149 10 176 208
150 9 208 208
151 10 240 208
152 9 272 208
153 10 304 208
154 9 336 208
155 10 368 208
156 9 400 208
157 10 432 208
158 9 464 208
159 10 496 208
160 9 528 208
161 10 560 208
162 18 592 208
163 19 624 208
164 9 656 208
165 10 688 208
166 9 720 208
167 10 752 208
168 9 784 208
169 10 816 208
170 9 848 208
171 10 880 208
172 9 912 208
173 10 944 208
174 9 976 208
175 10 1008 208
176 9 1040 208
177 10 1072 208
178 9 1104 208
179 10 1136 208
180 18 1168 208
181 19 1200 208
182 18 1232 208
183 19 1264 208
184 8 1296 208
185 4 1328 208
186 20 1360 208
187 21 1392 208
188 4 1424 208
189 11 1456 208
190 22 1488 208
191 8 1520 208
192 13 16 176
193 14 48 176
194 23 80 176
195 24 112 176
196 13 144 176
197 14 176 176
198 13 208 176
199 14 240 176
200 13 272 176
201 14 304 176
202 13 336 176
203 14 368 176
204 13 400 176
205 14 432 176
206 13 464 176
207 14 496 176
208 13 528 176
209 14 560 176
210 23 592 176
211 24 624 176
212 13 656 176
213 14 688 176
214 13 720 176
215 14 752 176
216 13 784 176
217 14 816 176
218 13 848 176
219 14 880 176
220 13 912 176
221 14 944 176
222 13 976 176
223 14 1008 176
224 13 1040 176
225 14 1072 176
226 13 1104 176
227 14 1136 176
228 23 1168 176
229 24 1200 176
230 23 1232 176
231 24 1264 176
232 8 1296 176
233 25 1328 176
234 26 1360 176
235 8 1392 176
236 16 1424 176
237 11 1456 176
238 7 1488 176
239 8 1520 176
240 18 16 144
241 19 48 144
242 8 80 144
243 8 112 144
244 18 144 144
245 19 176 144
246 18 208 144
247 19 240 144
248 18 272 144
249 19 304 144
250 18 336 144
251 19 368 144
252 18 400 144
253 19 432 144
254 18 464 144
255 19 496 144
256 18 528 144
257 19 560 144
258 8 592 144
259 8 624 144
260 18 656 144
261 19 688 144
262 18 720 144
263 19 752 144
264 18 784 144
265 19 816 144
266 18 848 144
267 19 880 144
268 18 912 144
269 19 944 144
270 18 976 144
271 19 1008 144
272 18 1040 144
273 19 1072 144
274 18 1104 144
275 19 1136 144
276 8 1168 144
277 8 1200 144
278 8 1232 144
279 8 1264 144
280 8 1296 144
281 4 1328 144
282 22 1360 144
283 8 1392 144
284 4 1424 144
285 11 1456 144
286 12 1488 144
287 8 1520 144
288 23 16 112
289 24 48 112
290 27 80 112
291 28 112 112
292 23 144 112
293 24 176 112
294 23 208 112
295 24 240 112
296 23 272 112
297 24 304 112
298 23 336 112
299 24 368 112
300 23 400 112
301 24 432 112
302 23 464 112
303 24 496 112
304 23 528 112
305 24 560 112
306 27 592 112
307 28 624 112
308 23 656 112
309 24 688 112
310 23 720 112
311 24 752 112
312 23 784 112
313 24 816 112
314 23 848 112
315 24 880 112
316 23 912 112
317 24 944 112
318 23 976 112
319 24 1008 112
320 23 1040 112
321 24 1072 112
322 23 1104 112
323 24 1136 112
324 27 1168 112
325 28 1200 112
326 8 1232 112
327 8 1264 112
328 8 1296 112
329 25 1328 112
330 7 1360 112
331 8 1392 112
332 16 1424 112
333 11 1456 112
334 17 1488 112
335 8 1520 112
336 29 16 80
337 30 48 80
338 31 80 80
339 32 112 80
340 8 144 80
341 8 176 80
342 29 208 80
343 30 240 80
344 29 272 80
345 30 304 80
346 8 336 80
347 8 368 80
348 29 400 80
349 30 432 80
350 8 464 80
351 8 496 80
352 29 528 80
353 30 560 80
354 31 592 80
355 32 624 80
356 8 656 80
357 8 688 80
358 29 720 80
359 30 752 80
360 29 784 80
361 30 816 80
362 8 848 80
363 8 880 80
364 29 912 80
365 30 944 80
366 8 976 80
367 8 1008 80
368 8 1040 80
369 8 1072 80
370 8 1104 80
371 8 1136 80
372 31 1168 80
373 32 1200 80
374 8 1232 80
375 8 1264 80
376 8 1296 80
377 25 1328 80
378 33 1360 80
379 8 1392 80
380 25 1424 80
381 34 1456 80
382 12 1488 80
383 8 1520 80
384 35 16 48
385 36 48 48
386 37 80 48
387 38 112 48
388 39 144 48
389 39 176 48
390 35 208 48
391 36 240 48
392 35 272 48
393 36 304 48
394 39 336 48
395 39 368 48
396 35 400 48
397 36 432 48
398 39 464 48
399 39 496 48
400 35 528 48
401 36 560 48
402 37 592 48
403 38 624 48
404 39 656 48
405 39 688 48
406 35 720 48
407 36 752 48
408 35 784 48
409 36 816 48
410 39 848 48
411 39 880 48
412 35 912 48
413 36 944 48
414 39 976 48
415 39 1008 48
416 39 1040 48
417 39 1072 48
418 40 1104 48
419 41 1136 48
420 37 1168 48
421 38 1200 48
422 42 1232 48
423 43 1264 48
424 44 1296 48
425 45 1328 48
426 46 1360 48
427 8 1392 48
428 46 1424 48
429 47 1456 48
430 17 1488 48
431 8 1520 48
432 48 16 16
433 48 48 16
434 48 80 16
435 48 112 16
436 48 144 16
437 48 176 16
438 48 208 16
439 48 240 16
440 48 272 16
441 48 304 16
442 48 336 16
443 48 368 16
444 48 400 16
445 48 432 16
446 48 464 16
447 48 496 16
448 48 528 16
449 48 560 16
450 48 592 16
451 48 624 16
452 48 656 16
453 48 688 16
454 48 720 16
455 48 752 16
456 48 784 16
457 48 816 16
458 48 848 16
459 48 880 16
460 48 912 16
461 48 944 16
462 48 976 16
463 48 1008 16
464 48 1040 16
465 48 1072 16
466 48 1104 16
467 48 1136 16
468 48 1168 16
469 48 1200 16
470 48 1232 16
471 48 1264 16
472 48 1296 16
473 48 1328 16
474 48 1360 16
475 48 1392 16
476 48 1424 16
477 48 1456 16
478 48 1488 16
479 48 1520 16
0 0 1536 1536
1 0 1536 768
2 768 1536 768
3 0 768 768 455 454 453 452 451 450 449 448 447 446 445 444 443 442 441 440 439 438 437 436 435 434 433 432 407 406 405 404 403 402 401 400 399 398 397 396 395 394 393 392 391 390 389 388 387 386 385 384 359 358 357 356 355 354 353 352 351 350 349 348 347 346 345 344 343 342 341 340 339 338 337 336 311 310 309 308 307 306 305 304 303 302 301 300 299 298 297 296 295 294 293 292 291 290 289 288 263 262 261 260 259 258 257 256 255 254 253 252 251 250 249 248 247 246 245 244 243 242 241 240 215 214 213 212 211 210 209 208 207 206 205 204 203 202 201 200 199 198 197 196 195 194 193 192 167 166 165 164 163 162 161 160 159 158 157 156 155 154 153 152 151 150 149 148 147 146 145 144 119 118 117 116 115 114 113 112 111 110 109 108 107 106 105 104 103 102 101 100 99 98 97 96 71 70 69 68 67 66 65 64 63 62 61 60 59 58 57 56 55 54 53 52 51 50 49 48 23 22 21 20 19 18 17 16 15 14 13 12 11 10 9 8 7 6 5 4 3 2 1 0
4 768 768 768 479 478 477 476 475 474 473 472 471 470 469 468 467 466 465 464 463 462 461 460 459 458 457 456 431 430 429 428 427 426 425 424 423 422 421 420 419 418 417 416 415 414 413 412 411 410 409 408 383 382 381 380 379 378 377 376 375 374 373 372 371 370 369 368 367 366 365 364 363 362 361 360 335 334 333 332 331 330 329 328 327 326 325 324 323 322 321 320 319 318 317 316 315 314 313 312 287 286 285 284 283 282 281 280 279 278 277 276 275 274 273 272 271 270 269 268 267 266 265 264 239 238 237 236 235 234 233 232 231 230 229 228 227 226 225 224 223 222 221 220 219 218 217 216 191 190 189 188 187 186 185 184 183 182 181 180 179 178 177 176 175 174 173 172 171 170 169 168 143 142 141 140 139 138 137 136 135 134 133 132 131 130 129 128 127 126 125 124 123 122 121 120 95 94 93 92 91 90 89 88 87 86 85 84 83 82 81 80 79 78 77 76 75 74 73 72 47 46 45 44 43 42 41 40 39 38 37 36 35 34 33 32 31 30 29 28 27 26 25 24
