29 4096 1632
0 0 1056 1072 1088 32
1 0 1536 1104 128 96
2 0 1472 864 256 128
3 0 1536 880 256 160
4 0 1552 976 32 32
5 0 1552 1008 32 32
6 0 1552 1040 32 32
7 0 1280 816 640 32
8 0 32 976 64 352
9 0 512 880 1024 32
10 0 480 1008 64 32
11 0 416 976 64 32
12 0 288 896 64 64
13 13 608 928 32 64
14 13 112 928 32 64
15 14 496 1056 32 64
16 14 432 1024 32 64
17 12 784 976 32 32
18 12 976 912 32 32
19 12 1104 976 32 32
20 4 400 1008 32 32
21 2 336 944 32 32
22 2 1328 1104 32 32
23 23 1360 1136 32 32
24 27 1568 816 32 32
25 26 16 816 32 32
26 17 728 1026 64 28
27 17 856 1026 64 28
28 17 984 1026 64 28
0 0 0 4096
1 0 0 2048
9 0 0 1024 0 7 8 9 10 11 12 13 14 15 16 17 18 20 21 25 26 27 28
10 1024 0 2048 0 1 2 3 4 5 6 7 19 22 23 24
11 0 1024 1024
12 1024 1024 2048
2 2048 0 4096
3 0 2048 2048
4 2048 2048 4096
