26 4096 1632
0 0 4064 592 64 352
1 0 3872 624 192 32
2 0 3776 496 128 32
3 0 3680 560 64 32
4 0 3552 624 192 32
5 0 3232 560 64 32
6 24 3856 432 32 32
7 26 3072 432 32 32
8 27 4096 432 32 32
9 4 4016 592 32 32
10 25 3078 688 44 96
11 6 3320 720 16 32
12 6 3640 720 16 32
13 6 3832 720 16 32
14 6 3688 624 16 32
15 6 4024 672 16 32
16 21 3104 656 32 32
17 9 3516 722 24 28
18 9 3116 722 24 28
19 13 3744 544 32 64
20 13 3888 672 32 64
21 13 3344 672 32 64
22 0 3328 624 128 32
23 0 2688 624 1024 32
24 0 3808 560 64 160
25 0 4032 560 128 32
0 0 0 4096
1 0 0 2048
2 2048 0 4096
17 2048 0 3072 10 23
18 3072 0 4096 0 1 4 10 11 12 13 14 15 16 17 18 20 21 22 23 24
19 2048 1024 3072 7
20 3072 1024 4096 0 2 3 5 6 7 8 9 19 24 25
3 0 2048 2048
4 2048 2048 4096
