40 5632 736
0 26 4096 432 32 32
1 27 5616 400 32 32
2 0 4736 400 1792 32
3 0 4112 592 416 32
4 0 4528 528 352 32
5 0 4064 720 64 32
6 0 4080 624 32 32
7 0 4080 656 32 32
8 0 4080 688 32 32
9 0 4080 496 32 160
10 0 5584 528 96 32
11 0 5472 464 64 32
12 0 5616 464 32 96
13 0 5616 688 32 96
14 0 5616 624 32 32
15 0 5616 592 32 32
16 0 5616 560 32 32
17 3 4688 560 32 32
18 1 4816 432 32 32
19 2 5488 496 32 32
20 4 5552 560 32 32
21 3 4304 624 32 32
22 1 4368 560 32 32
23 6 4232 528 16 32
24 6 4424 496 16 32
25 6 4552 496 16 32
26 6 4424 656 16 32
27 6 4232 688 16 32
28 6 4616 656 16 32
29 6 4872 528 16 32
30 6 5000 528 16 32
31 6 5128 528 16 32
32 6 5256 528 16 32
33 6 5384 528 16 32
34 6 5576 624 16 32
35 6 5544 464 16 32
36 10 4624 448 32 64
37 10 4592 576 32 64
38 10 4208 448 32 64
39 11 5392 682 96 44
0 0 0 5632
1 0 0 2816
2 2816 0 5632
17 2816 0 4224
137 2816 0 3520
138 3520 0 4224 38 9 8 7 6 5 3 2 0
139 2816 704 3520
140 3520 704 4224
18 4224 0 5632
145 4224 0 4928 37 36 29 28 27 26 25 24 23 22 21 18 17 4 3 2
146 4928 0 5632 39 35 34 33 32 31 30 20 19 16 15 14 13 12 11 10 2 1
147 4224 704 4928
148 4928 704 5632
19 2816 1408 4224
20 4224 1408 5632
3 0 2816 2816
4 2816 2816 5632
