27 4096 1632
0 0 1504 1360 64 352
1 0 928 1296 960 32
2 0 32 1456 64 160
3 0 224 1264 448 32
4 0 16 1296 32 32
5 0 16 1328 32 32
6 0 16 1360 32 32
7 0 688 960 32 128
8 24 1360 1200 32 32
9 4 1456 1296 32 32
10 6 1352 1392 16 32
11 6 1192 1392 16 32
12 6 1224 1392 16 32
13 6 1096 1392 16 32
14 6 968 1392 16 32
15 6 840 1392 16 32
16 6 712 1392 16 32
17 12 784 1360 32 32
18 9 812 1458 24 28
19 9 1324 1458 24 28
20 12 1296 1360 32 32
21 15 224 1344 64 64
22 26 16 1264 32 32
23 27 1520 1296 32 32
24 0 1472 1264 128 32
25 12 1028 1366 32 32
26 9 522 1394 24 28
0 0 0 4096
1 0 0 2048
9 0 0 1024 1 2 3 4 5 6 7 14 15 16 17 18 21 22 25 26
10 1024 0 2048 0 1 8 9 10 11 12 13 19 20 23 24 25
11 0 1024 1024
12 1024 1024 2048
2 2048 0 4096
3 0 2048 2048
4 2048 2048 4096
