--Duong di
16 16 624 16
640 32 464 32
1168 16 352 16
1552 16 80 16
1680 16 576 16
2272 16 560 16

--Ong nuoc
368 64 32 48
1808 48 32 32
1872 64 32 48
2272 320 32 208
2272 64 32 48
2336 48 32 32

-- O go
1520 96 32 16
1584 32 16 16
1600 48 16 32
1616 64 16 48
1680 64 16 48
1696 48 16 32
1712 32 16 16

--May
1424 240 64 16
1504 256 208 16

--O mau me
256 64 48
288 96 48
416 64 80
480 96 64
528 128 64
528 48 96
1280 48 112
1312 80 112
1344 112 112
2160 64 48
2192 160 48
1328 288 64

--Cuc gach
1456 304
1968 32
1984 32
2000 32
2016 32
2032 32
2048 32
2064 32
2112 32
2128 32
1984 48
2000 48
2016 48
2032 48
2048 48
2112 48
2000 64
2016 64
2032 64
2048 64

--O dau hoi
192 80
208 80
240 128
256 128
432 112
672 48
720 80
1488 64

--Dong tien
1089 112
1121 144
1153 176
1185 208
1217 240
1345 352
1361 352
1377 352
1489 320
1505 320
1553 304
1569 304
1585 304
1601 304
1633 320
1649 320
1665 320
1681 320
1713 288
1742 320
1777 304
1825 336
1857 304

--Dong tien duoi ham
209 384
209 320
225 400
225 352
225 304
241 400
241 352
241 304
257 384
257 368
257 336
257 320






