11	0	3328	3328	3328
12	3328	3328	3328	3328
75	0	1664	1664	1664
76	1664	1664	1664	1664
587	0	832	832	832
588	832	832	832	832
37467	0	624	208	208
37468	208	624	208	208
37465	0	416	208	208	0	1	2	3
37466	208	416	208	208	3	4	5	6
4683	0	416	416	416
37475	416	624	208	208
37476	624	624	208	208
37473	416	416	208	208	6	7	8	9
37474	624	416	208	208	9	10	11	12	13
4684	416	416	416	416
37451	0	208	208	208	0	1	2	3	104	105	106	107	208	209	210	211	312	313	314	315
37452	208	208	208	208	3	4	5	6	107	108	109	110	211	212	213	214	315	316	317	318
37449	0	0	208	208	312	313	314	315	416	417	418	419	520	521	522	523	624	625	626	627
37450	208	0	208	208	315	316	317	318	419	420	421	422	523	524	525	526	627	628	629	630
4681	0	0	416	416
37459	416	208	208	208	6	7	8	9	110	111	112	113	214	215	216	217	318	319	320	321
37460	624	208	208	208	9	10	11	12	13	113	114	115	116	117	217	218	219	220	221	321	322	323	324	325
37457	416	0	208	208	318	319	320	321	422	423	424	425	526	527	528	529	630	631	632	633
37458	624	0	208	208	321	322	323	324	325	425	426	427	428	429	529	530	531	532	533	633	634	635	636	637
4682	416	0	416	416
585	0	0	832	832
37531	832	624	208	208
37532	1040	624	208	208
37529	832	416	208	208	12	13	14	15	16
37530	1040	416	208	208	16	17	18	19
4691	832	416	416	416
37539	1248	624	208	208
37540	1456	624	208	208
37537	1248	416	208	208	19	20	21	22
37538	1456	416	208	208	22	23	24	25	26
4692	1248	416	416	416
37515	832	208	208	208	12	13	14	15	16	116	117	118	119	120	220	221	222	223	224	324	325	326	327	328
37516	1040	208	208	208	16	17	18	19	120	121	122	123	224	225	226	227	328	329	330	331
37513	832	0	208	208	324	325	326	327	328	428	429	430	431	432	532	533	534	535	536	636	637	638	639	640
37514	1040	0	208	208	328	329	330	331	432	433	434	435	536	537	538	539	640	641	642	643
4689	832	0	416	416
37523	1248	208	208	208	19	20	21	22	123	124	125	126	227	228	229	230	331	332	333	334
37524	1456	208	208	208	22	23	24	25	26	126	127	128	129	130	230	231	232	233	234	334	335	336	337	338
37521	1248	0	208	208	331	332	333	334	435	436	437	438	539	540	541	542	643	644	645	646
37522	1456	0	208	208	334	335	336	337	338	438	439	440	441	442	542	543	544	545	546	646	647	648	649	650
4690	1248	0	416	416
586	832	0	832	832
73	0	0	1664	1664
595	1664	832	832	832
596	2496	832	832	832
37979	1664	624	208	208
37980	1872	624	208	208
37977	1664	416	208	208	25	26	27	28	29
37978	1872	416	208	208	29	30	31	32
4747	1664	416	416	416
37987	2080	624	208	208
37988	2288	624	208	208
37985	2080	416	208	208	32	33	34	35
37986	2288	416	208	208	35	36	37	38	39
4748	2080	416	416	416
37963	1664	208	208	208	25	26	27	28	29	129	130	131	132	133	233	234	235	236	237	337	338	339	340	341
37964	1872	208	208	208	29	30	31	32	133	134	135	136	237	238	239	240	341	342	343	344
37961	1664	0	208	208	337	338	339	340	341	441	442	443	444	445	545	546	547	548	549	649	650	651	652	653
37962	1872	0	208	208	341	342	343	344	445	446	447	448	549	550	551	552	653	654	655	656
4745	1664	0	416	416
37971	2080	208	208	208	32	33	34	35	136	137	138	139	240	241	242	243	344	345	346	347
37972	2288	208	208	208	35	36	37	38	39	139	140	141	142	143	243	244	245	246	247	347	348	349	350	351
37969	2080	0	208	208	344	345	346	347	448	449	450	451	552	553	554	555	656	657	658	659
37970	2288	0	208	208	347	348	349	350	351	451	452	453	454	455	555	556	557	558	559	659	660	661	662	663
4746	2080	0	416	416
593	1664	0	832	832
38043	2496	624	208	208
38044	2704	624	208	208
38041	2496	416	208	208	38	39	40	41	42
38042	2704	416	208	208	42	43	44	45
4755	2496	416	416	416
38051	2912	624	208	208
38052	3120	624	208	208
38049	2912	416	208	208	45	46	47	48
38050	3120	416	208	208	48	49	50	51	52
4756	2912	416	416	416
38027	2496	208	208	208	38	39	40	41	42	142	143	144	145	146	246	247	248	249	250	350	351	352	353	354
38028	2704	208	208	208	42	43	44	45	146	147	148	149	250	251	252	253	354	355	356	357
38025	2496	0	208	208	350	351	352	353	354	454	455	456	457	458	558	559	560	561	562	662	663	664	665	666
38026	2704	0	208	208	354	355	356	357	458	459	460	461	562	563	564	565	666	667	668	669
4753	2496	0	416	416
38035	2912	208	208	208	45	46	47	48	149	150	151	152	253	254	255	256	357	358	359	360
38036	3120	208	208	208	48	49	50	51	52	152	153	154	155	156	256	257	258	259	260	360	361	362	363	364
38033	2912	0	208	208	357	358	359	360	461	462	463	464	565	566	567	568	669	670	671	672
38034	3120	0	208	208	360	361	362	363	364	464	465	466	467	468	568	569	570	571	572	672	673	674	675	676
4754	2912	0	416	416
594	2496	0	832	832
74	1664	0	1664	1664
9	0	0	3328	3328
83	3328	1664	1664	1664
84	4992	1664	1664	1664
651	3328	832	832	832
652	4160	832	832	832
41563	3328	624	208	208
41564	3536	624	208	208
41561	3328	416	208	208	51	52	53	54	55
41562	3536	416	208	208	55	56	57	58
5195	3328	416	416	416
41571	3744	624	208	208
41572	3952	624	208	208
41569	3744	416	208	208	58	59	60	61
41570	3952	416	208	208	61	62	63	64	65
5196	3744	416	416	416
41547	3328	208	208	208	51	52	53	54	55	155	156	157	158	159	259	260	261	262	263	363	364	365	366	367
41548	3536	208	208	208	55	56	57	58	159	160	161	162	263	264	265	266	367	368	369	370
41545	3328	0	208	208	363	364	365	366	367	467	468	469	470	471	571	572	573	574	575	675	676	677	678	679
41546	3536	0	208	208	367	368	369	370	471	472	473	474	575	576	577	578	679	680	681	682
5193	3328	0	416	416
41555	3744	208	208	208	58	59	60	61	162	163	164	165	266	267	268	269	370	371	372	373
41556	3952	208	208	208	61	62	63	64	65	165	166	167	168	169	269	270	271	272	273	373	374	375	376	377
41553	3744	0	208	208	370	371	372	373	474	475	476	477	578	579	580	581	682	683	684	685
41554	3952	0	208	208	373	374	375	376	377	477	478	479	480	481	581	582	583	584	585	685	686	687	688	689
5194	3744	0	416	416
649	3328	0	832	832
41627	4160	624	208	208
41628	4368	624	208	208
41625	4160	416	208	208	64	65	66	67	68
41626	4368	416	208	208	68	69	70	71
5203	4160	416	416	416
41635	4576	624	208	208
41636	4784	624	208	208
41633	4576	416	208	208	71	72	73	74
41634	4784	416	208	208	74	75	76	77	78
5204	4576	416	416	416
41611	4160	208	208	208	64	65	66	67	68	168	169	170	171	172	272	273	274	275	276	376	377	378	379	380
41612	4368	208	208	208	68	69	70	71	172	173	174	175	276	277	278	279	380	381	382	383
41609	4160	0	208	208	376	377	378	379	380	480	481	482	483	484	584	585	586	587	588	688	689	690	691	692
41610	4368	0	208	208	380	381	382	383	484	485	486	487	588	589	590	591	692	693	694	695
5201	4160	0	416	416
41619	4576	208	208	208	71	72	73	74	175	176	177	178	279	280	281	282	383	384	385	386
41620	4784	208	208	208	74	75	76	77	78	178	179	180	181	182	282	283	284	285	286	386	387	388	389	390
41617	4576	0	208	208	383	384	385	386	487	488	489	490	591	592	593	594	695	696	697	698
41618	4784	0	208	208	386	387	388	389	390	490	491	492	493	494	594	595	596	597	598	698	699	700	701	702
5202	4576	0	416	416
650	4160	0	832	832
81	3328	0	1664	1664
659	4992	832	832	832
660	5824	832	832	832
42075	4992	624	208	208
42076	5200	624	208	208
42073	4992	416	208	208	77	78	79	80	81
42074	5200	416	208	208	81	82	83	84
5259	4992	416	416	416
42083	5408	624	208	208
42084	5616	624	208	208
42081	5408	416	208	208	84	85	86	87
42082	5616	416	208	208	87	88	89	90	91
5260	5408	416	416	416
42059	4992	208	208	208	77	78	79	80	81	181	182	183	184	185	285	286	287	288	289	389	390	391	392	393
42060	5200	208	208	208	81	82	83	84	185	186	187	188	289	290	291	292	393	394	395	396
42057	4992	0	208	208	389	390	391	392	393	493	494	495	496	497	597	598	599	600	601	701	702	703	704	705
42058	5200	0	208	208	393	394	395	396	497	498	499	500	601	602	603	604	705	706	707	708
5257	4992	0	416	416
42067	5408	208	208	208	84	85	86	87	188	189	190	191	292	293	294	295	396	397	398	399
42068	5616	208	208	208	87	88	89	90	91	191	192	193	194	195	295	296	297	298	299	399	400	401	402	403
42065	5408	0	208	208	396	397	398	399	500	501	502	503	604	605	606	607	708	709	710	711
42066	5616	0	208	208	399	400	401	402	403	503	504	505	506	507	607	608	609	610	611	711	712	713	714	715
5258	5408	0	416	416
657	4992	0	832	832
42139	5824	624	208	208
42140	6032	624	208	208
42137	5824	416	208	208	90	91	92	93	94
42138	6032	416	208	208	94	95	96	97
5267	5824	416	416	416
42147	6240	624	208	208
42148	6448	624	208	208
42145	6240	416	208	208	97	98	99	100
42146	6448	416	208	208	100	101	102	103
5268	6240	416	416	416
42123	5824	208	208	208	90	91	92	93	94	194	195	196	197	198	298	299	300	301	302	402	403	404	405	406
42124	6032	208	208	208	94	95	96	97	198	199	200	201	302	303	304	305	406	407	408	409
42121	5824	0	208	208	402	403	404	405	406	506	507	508	509	510	610	611	612	613	614	714	715	716	717	718
42122	6032	0	208	208	406	407	408	409	510	511	512	513	614	615	616	617	718	719	720	721
5265	5824	0	416	416
42131	6240	208	208	208	97	98	99	100	201	202	203	204	305	306	307	308	409	410	411	412
42132	6448	208	208	208	100	101	102	103	204	205	206	207	308	309	310	311	412	413	414	415
42129	6240	0	208	208	409	410	411	412	513	514	515	516	617	618	619	620	721	722	723	724
42130	6448	0	208	208	412	413	414	415	516	517	518	519	620	621	622	623	724	725	726	727
5266	6240	0	416	416
658	5824	0	832	832
82	4992	0	1664	1664
10	3328	0	3328	3328
1	0	0	6656	6656
