114
4048 5632 736
0 0 16 720
1 1 48 720
2 2 80 720
3 3 112 720
4 4 144 720
5 5 176 720
6 0 208 720
7 1 240 720
8 0 272 720
9 1 304 720
10 2 336 720
11 3 368 720
12 4 400 720
13 5 432 720
14 0 464 720
15 1 496 720
16 0 528 720
17 1 560 720
18 2 592 720
19 3 624 720
20 6 656 720
21 7 688 720
22 0 720 720
23 1 752 720
24 0 784 720
25 1 816 720
26 2 848 720
27 3 880 720
28 4 912 720
29 5 944 720
30 0 976 720
31 1 1008 720
32 8 1040 720
33 9 1072 720
34 2 1104 720
35 3 1136 720
36 4 1168 720
37 5 1200 720
38 8 1232 720
39 9 1264 720
40 0 1296 720
41 1 1328 720
42 0 1360 720
43 1 1392 720
44 0 1424 720
45 1 1456 720
46 0 1488 720
47 1 1520 720
48 2 1552 720
49 3 1584 720
50 4 1616 720
51 5 1648 720
52 10 1680 720
53 10 1712 720
54 2 1744 720
55 3 1776 720
56 11 1808 720
57 12 1840 720
58 0 1872 720
59 1 1904 720
60 0 1936 720
61 1 1968 720
62 8 2000 720
63 9 2032 720
64 2 2064 720
65 3 2096 720
66 8 2128 720
67 9 2160 720
68 2 2192 720
69 3 2224 720
70 8 2256 720
71 9 2288 720
72 2 2320 720
73 3 2352 720
74 8 2384 720
75 9 2416 720
76 2 2448 720
77 3 2480 720
78 0 2512 720
79 1 2544 720
80 8 2576 720
81 9 2608 720
82 0 2640 720
83 1 2672 720
84 11 2704 720
85 12 2736 720
86 11 2768 720
87 12 2800 720
88 0 2832 720
89 1 2864 720
90 10 2896 720
91 10 2928 720
92 2 2960 720
93 3 2992 720
94 13 3024 720
95 14 3056 720
96 14 3088 720
97 15 3120 720
98 15 3152 720
99 15 3184 720
100 15 3216 720
101 15 3248 720
102 2 3280 720
103 3 3312 720
104 15 3344 720
105 15 3376 720
106 15 3408 720
107 15 3440 720
108 15 3472 720
109 15 3504 720
110 15 3536 720
111 15 3568 720
112 16 3600 720
113 17 3632 720
114 15 3664 720
115 15 3696 720
116 16 3728 720
117 17 3760 720
118 15 3792 720
119 15 3824 720
120 15 3856 720
121 15 3888 720
122 15 3920 720
123 15 3952 720
124 15 3984 720
125 15 4016 720
126 14 4048 720
127 14 4080 720
128 0 4112 720
129 1 4144 720
130 0 4176 720
131 1 4208 720
132 2 4240 720
133 3 4272 720
134 11 4304 720
135 12 4336 720
136 0 4368 720
137 1 4400 720
138 2 4432 720
139 3 4464 720
140 8 4496 720
141 9 4528 720
142 0 4560 720
143 1 4592 720
144 2 4624 720
145 3 4656 720
146 4 4688 720
147 5 4720 720
148 18 4752 720
149 19 4784 720
150 20 4816 720
151 21 4848 720
152 0 4880 720
153 1 4912 720
154 22 4944 720
155 23 4976 720
156 2 5008 720
157 3 5040 720
158 20 5072 720
159 21 5104 720
160 0 5136 720
161 1 5168 720
162 22 5200 720
163 23 5232 720
164 2 5264 720
165 3 5296 720
166 20 5328 720
167 21 5360 720
168 0 5392 720
169 1 5424 720
170 6 5456 720
171 7 5488 720
172 8 5520 720
173 9 5552 720
174 13 5584 720
175 24 5616 720
176 25 16 688
177 26 48 688
178 2 80 688
179 3 112 688
180 27 144 688
181 28 176 688
182 29 208 688
183 30 240 688
184 31 272 688
185 32 304 688
186 2 336 688
187 3 368 688
188 27 400 688
189 28 432 688
190 29 464 688
191 30 496 688
192 31 528 688
193 32 560 688
194 2 592 688
195 3 624 688
196 6 656 688
197 33 688 688
198 29 720 688
199 30 752 688
200 31 784 688
201 32 816 688
202 2 848 688
203 3 880 688
204 27 912 688
205 28 944 688
206 29 976 688
207 30 1008 688
208 25 1040 688
209 26 1072 688
210 2 1104 688
211 3 1136 688
212 27 1168 688
213 28 1200 688
214 10 1232 688
215 10 1264 688
216 31 1296 688
217 32 1328 688
218 31 1360 688
219 32 1392 688
220 31 1424 688
221 32 1456 688
222 31 1488 688
223 32 1520 688
224 2 1552 688
225 3 1584 688
226 34 1616 688
227 35 1648 688
228 10 1680 688
229 10 1712 688
230 2 1744 688
231 3 1776 688
232 31 1808 688
233 32 1840 688
234 31 1872 688
235 32 1904 688
236 31 1936 688
237 32 1968 688
238 25 2000 688
239 26 2032 688
240 2 2064 688
241 3 2096 688
242 10 2128 688
243 10 2160 688
244 2 2192 688
245 3 2224 688
246 10 2256 688
247 10 2288 688
248 2 2320 688
249 3 2352 688
250 10 2384 688
251 10 2416 688
252 2 2448 688
253 3 2480 688
254 31 2512 688
255 32 2544 688
256 10 2576 688
257 10 2608 688
258 31 2640 688
259 32 2672 688
260 31 2704 688
261 32 2736 688
262 31 2768 688
263 32 2800 688
264 31 2832 688
265 32 2864 688
266 10 2896 688
267 10 2928 688
268 2 2960 688
269 3 2992 688
270 15 3024 688
271 36 3056 688
272 37 3088 688
273 15 3120 688
274 15 3152 688
275 38 3184 688
276 15 3216 688
277 15 3248 688
278 2 3280 688
279 17 3312 688
280 15 3344 688
281 15 3376 688
282 39 3408 688
283 15 3440 688
284 39 3472 688
285 15 3504 688
286 39 3536 688
287 15 3568 688
288 2 3600 688
289 17 3632 688
290 15 3664 688
291 38 3696 688
292 2 3728 688
293 3 3760 688
294 15 3792 688
295 15 3824 688
296 15 3856 688
297 15 3888 688
298 39 3920 688
299 15 3952 688
300 39 3984 688
301 15 4016 688
302 15 4048 688
303 36 4080 688
304 31 4112 688
305 32 4144 688
306 25 4176 688
307 26 4208 688
308 2 4240 688
309 3 4272 688
310 31 4304 688
311 32 4336 688
312 31 4368 688
313 32 4400 688
314 2 4432 688
315 3 4464 688
316 10 4496 688
317 10 4528 688
318 31 4560 688
319 32 4592 688
320 2 4624 688
321 3 4656 688
322 27 4688 688
323 28 4720 688
324 25 4752 688
325 26 4784 688
326 31 4816 688
327 32 4848 688
328 40 4880 688
329 41 4912 688
330 42 4944 688
331 43 4976 688
332 2 5008 688
333 3 5040 688
334 44 5072 688
335 45 5104 688
336 40 5136 688
337 41 5168 688
338 42 5200 688
339 43 5232 688
340 2 5264 688
341 3 5296 688
342 44 5328 688
343 45 5360 688
344 40 5392 688
345 41 5424 688
346 6 5456 688
347 33 5488 688
348 10 5520 688
349 10 5552 688
350 46 5584 688
351 24 5616 688
352 11 16 656
353 12 48 656
354 2 80 656
355 3 112 656
356 47 144 656
357 48 176 656
358 8 208 656
359 9 240 656
360 0 272 656
361 1 304 656
362 2 336 656
363 3 368 656
364 47 400 656
365 48 432 656
366 8 464 656
367 9 496 656
368 0 528 656
369 1 560 656
370 2 592 656
371 3 624 656
372 4 656 656
373 5 688 656
374 8 720 656
375 9 752 656
376 0 784 656
377 1 816 656
378 2 848 656
379 3 880 656
380 47 912 656
381 48 944 656
382 8 976 656
383 9 1008 656
384 11 1040 656
385 12 1072 656
386 2 1104 656
387 3 1136 656
388 47 1168 656
389 48 1200 656
390 10 1232 656
391 10 1264 656
392 0 1296 656
393 1 1328 656
394 0 1360 656
395 1 1392 656
396 0 1424 656
397 1 1456 656
398 0 1488 656
399 1 1520 656
400 2 1552 656
401 3 1584 656
402 49 1616 656
403 50 1648 656
404 10 1680 656
405 10 1712 656
406 2 1744 656
407 3 1776 656
408 0 1808 656
409 1 1840 656
410 0 1872 656
411 1 1904 656
412 0 1936 656
413 1 1968 656
414 11 2000 656
415 12 2032 656
416 2 2064 656
417 3 2096 656
418 10 2128 656
419 10 2160 656
420 2 2192 656
421 3 2224 656
422 10 2256 656
423 10 2288 656
424 2 2320 656
425 3 2352 656
426 10 2384 656
427 10 2416 656
428 2 2448 656
429 3 2480 656
430 0 2512 656
431 1 2544 656
432 10 2576 656
433 10 2608 656
434 0 2640 656
435 1 2672 656
436 0 2704 656
437 1 2736 656
438 0 2768 656
439 1 2800 656
440 0 2832 656
441 1 2864 656
442 10 2896 656
443 10 2928 656
444 2 2960 656
445 3 2992 656
446 15 3024 656
447 36 3056 656
448 37 3088 656
449 15 3120 656
450 51 3152 656
451 52 3184 656
452 15 3216 656
453 15 3248 656
454 16 3280 656
455 17 3312 656
456 15 3344 656
457 15 3376 656
458 15 3408 656
459 15 3440 656
460 15 3472 656
461 15 3504 656
462 15 3536 656
463 15 3568 656
464 16 3600 656
465 17 3632 656
466 51 3664 656
467 52 3696 656
468 2 3728 656
469 3 3760 656
470 15 3792 656
471 15 3824 656
472 15 3856 656
473 15 3888 656
474 15 3920 656
475 15 3952 656
476 15 3984 656
477 15 4016 656
478 15 4048 656
479 36 4080 656
480 0 4112 656
481 1 4144 656
482 11 4176 656
483 12 4208 656
484 2 4240 656
485 3 4272 656
486 0 4304 656
487 1 4336 656
488 0 4368 656
489 1 4400 656
490 2 4432 656
491 3 4464 656
492 10 4496 656
493 10 4528 656
494 0 4560 656
495 1 4592 656
496 2 4624 656
497 3 4656 656
498 47 4688 656
499 48 4720 656
500 11 4752 656
501 12 4784 656
502 0 4816 656
503 1 4848 656
504 2 4880 656
505 3 4912 656
506 22 4944 656
507 23 4976 656
508 2 5008 656
509 3 5040 656
510 20 5072 656
511 21 5104 656
512 2 5136 656
513 3 5168 656
514 22 5200 656
515 23 5232 656
516 2 5264 656
517 3 5296 656
518 20 5328 656
519 21 5360 656
520 2 5392 656
521 3 5424 656
522 4 5456 656
523 5 5488 656
524 10 5520 656
525 10 5552 656
526 13 5584 656
527 24 5616 656
528 31 16 624
529 32 48 624
530 2 80 624
531 3 112 624
532 34 144 624
533 35 176 624
534 10 208 624
535 10 240 624
536 31 272 624
537 32 304 624
538 2 336 624
539 3 368 624
540 27 400 624
541 28 432 624
542 10 464 624
543 10 496 624
544 31 528 624
545 32 560 624
546 2 592 624
547 3 624 624
548 27 656 624
549 28 688 624
550 10 720 624
551 10 752 624
552 31 784 624
553 32 816 624
554 2 848 624
555 3 880 624
556 27 912 624
557 28 944 624
558 10 976 624
559 10 1008 624
560 31 1040 624
561 32 1072 624
562 2 1104 624
563 3 1136 624
564 27 1168 624
565 28 1200 624
566 10 1232 624
567 10 1264 624
568 31 1296 624
569 32 1328 624
570 31 1360 624
571 32 1392 624
572 53 1424 624
573 54 1456 624
574 55 1488 624
575 56 1520 624
576 57 1552 624
577 58 1584 624
578 59 1616 624
579 60 1648 624
580 61 1680 624
581 61 1712 624
582 61 1744 624
583 61 1776 624
584 62 1808 624
585 63 1840 624
586 64 1872 624
587 65 1904 624
588 31 1936 624
589 32 1968 624
590 31 2000 624
591 32 2032 624
592 2 2064 624
593 3 2096 624
594 10 2128 624
595 10 2160 624
596 2 2192 624
597 3 2224 624
598 10 2256 624
599 10 2288 624
600 2 2320 624
601 3 2352 624
602 10 2384 624
603 10 2416 624
604 2 2448 624
605 3 2480 624
606 29 2512 624
607 30 2544 624
608 10 2576 624
609 10 2608 624
610 31 2640 624
611 32 2672 624
612 53 2704 624
613 54 2736 624
614 55 2768 624
615 56 2800 624
616 61 2832 624
617 61 2864 624
618 59 2896 624
619 60 2928 624
620 57 2960 624
621 58 2992 624
622 15 3024 624
623 36 3056 624
624 37 3088 624
625 15 3120 624
626 15 3152 624
627 15 3184 624
628 15 3216 624
629 15 3248 624
630 57 3280 624
631 58 3312 624
632 15 3344 624
633 15 3376 624
634 15 3408 624
635 15 3440 624
636 66 3472 624
637 67 3504 624
638 66 3536 624
639 67 3568 624
640 2 3600 624
641 3 3632 624
642 66 3664 624
643 67 3696 624
644 2 3728 624
645 3 3760 624
646 15 3792 624
647 15 3824 624
648 15 3856 624
649 38 3888 624
650 15 3920 624
651 15 3952 624
652 15 3984 624
653 15 4016 624
654 15 4048 624
655 36 4080 624
656 59 4112 624
657 60 4144 624
658 61 4176 624
659 61 4208 624
660 61 4240 624
661 61 4272 624
662 62 4304 624
663 63 4336 624
664 64 4368 624
665 65 4400 624
666 2 4432 624
667 3 4464 624
668 10 4496 624
669 10 4528 624
670 31 4560 624
671 32 4592 624
672 2 4624 624
673 3 4656 624
674 34 4688 624
675 35 4720 624
676 31 4752 624
677 32 4784 624
678 31 4816 624
679 32 4848 624
680 2 4880 624
681 3 4912 624
682 31 4944 624
683 32 4976 624
684 2 5008 624
685 3 5040 624
686 31 5072 624
687 32 5104 624
688 2 5136 624
689 3 5168 624
690 31 5200 624
691 32 5232 624
692 2 5264 624
693 3 5296 624
694 29 5328 624
695 30 5360 624
696 2 5392 624
697 3 5424 624
698 34 5456 624
699 35 5488 624
700 10 5520 624
701 10 5552 624
702 15 5584 624
703 68 5616 624
704 0 16 592
705 1 48 592
706 2 80 592
707 3 112 592
708 49 144 592
709 50 176 592
710 10 208 592
711 10 240 592
712 0 272 592
713 1 304 592
714 2 336 592
715 3 368 592
716 47 400 592
717 48 432 592
718 10 464 592
719 10 496 592
720 0 528 592
721 1 560 592
722 2 592 592
723 3 624 592
724 47 656 592
725 48 688 592
726 10 720 592
727 10 752 592
728 0 784 592
729 1 816 592
730 2 848 592
731 3 880 592
732 47 912 592
733 48 944 592
734 10 976 592
735 10 1008 592
736 0 1040 592
737 1 1072 592
738 2 1104 592
739 3 1136 592
740 47 1168 592
741 48 1200 592
742 10 1232 592
743 10 1264 592
744 0 1296 592
745 1 1328 592
746 0 1360 592
747 1 1392 592
748 69 1424 592
749 55 1456 592
750 70 1488 592
751 14 1520 592
752 14 1552 592
753 14 1584 592
754 14 1616 592
755 14 1648 592
756 14 1680 592
757 14 1712 592
758 14 1744 592
759 14 1776 592
760 14 1808 592
761 71 1840 592
762 72 1872 592
763 73 1904 592
764 0 1936 592
765 1 1968 592
766 0 2000 592
767 1 2032 592
768 2 2064 592
769 3 2096 592
770 10 2128 592
771 10 2160 592
772 2 2192 592
773 3 2224 592
774 10 2256 592
775 10 2288 592
776 2 2320 592
777 3 2352 592
778 10 2384 592
779 10 2416 592
780 2 2448 592
781 3 2480 592
782 8 2512 592
783 9 2544 592
784 10 2576 592
785 10 2608 592
786 0 2640 592
787 1 2672 592
788 69 2704 592
789 55 2736 592
790 70 2768 592
791 14 2800 592
792 14 2832 592
793 14 2864 592
794 14 2896 592
795 14 2928 592
796 14 2960 592
797 14 2992 592
798 14 3024 592
799 14 3056 592
800 14 3088 592
801 14 3120 592
802 14 3152 592
803 14 3184 592
804 14 3216 592
805 14 3248 592
806 14 3280 592
807 14 3312 592
808 15 3344 592
809 15 3376 592
810 15 3408 592
811 15 3440 592
812 37 3472 592
813 74 3504 592
814 37 3536 592
815 74 3568 592
816 2 3600 592
817 3 3632 592
818 37 3664 592
819 74 3696 592
820 2 3728 592
821 3 3760 592
822 15 3792 592
823 15 3824 592
824 51 3856 592
825 52 3888 592
826 14 3920 592
827 14 3952 592
828 14 3984 592
829 14 4016 592
830 14 4048 592
831 14 4080 592
832 14 4112 592
833 14 4144 592
834 14 4176 592
835 14 4208 592
836 14 4240 592
837 14 4272 592
838 14 4304 592
839 71 4336 592
840 72 4368 592
841 73 4400 592
842 2 4432 592
843 3 4464 592
844 10 4496 592
845 10 4528 592
846 0 4560 592
847 1 4592 592
848 2 4624 592
849 3 4656 592
850 49 4688 592
851 50 4720 592
852 0 4752 592
853 1 4784 592
854 0 4816 592
855 1 4848 592
856 2 4880 592
857 3 4912 592
858 0 4944 592
859 1 4976 592
860 2 5008 592
861 3 5040 592
862 0 5072 592
863 1 5104 592
864 2 5136 592
865 3 5168 592
866 0 5200 592
867 1 5232 592
868 2 5264 592
869 3 5296 592
870 8 5328 592
871 9 5360 592
872 2 5392 592
873 3 5424 592
874 49 5456 592
875 50 5488 592
876 10 5520 592
877 10 5552 592
878 15 5584 592
879 75 5616 592
880 31 16 560
881 32 48 560
882 2 80 560
883 3 112 560
884 31 144 560
885 32 176 560
886 10 208 560
887 10 240 560
888 31 272 560
889 32 304 560
890 2 336 560
891 3 368 560
892 34 400 560
893 35 432 560
894 10 464 560
895 10 496 560
896 29 528 560
897 30 560 560
898 2 592 560
899 3 624 560
900 27 656 560
901 28 688 560
902 10 720 560
903 10 752 560
904 31 784 560
905 32 816 560
906 2 848 560
907 3 880 560
908 34 912 560
909 35 944 560
910 10 976 560
911 10 1008 560
912 31 1040 560
913 32 1072 560
914 2 1104 560
915 3 1136 560
916 27 1168 560
917 28 1200 560
918 10 1232 560
919 10 1264 560
920 53 1296 560
921 54 1328 560
922 55 1360 560
923 56 1392 560
924 76 1424 560
925 70 1456 560
926 77 1488 560
927 78 1520 560
928 2 1552 560
929 3 1584 560
930 31 1616 560
931 32 1648 560
932 25 1680 560
933 26 1712 560
934 2 1744 560
935 3 1776 560
936 79 1808 560
937 80 1840 560
938 71 1872 560
939 81 1904 560
940 59 1936 560
941 60 1968 560
942 61 2000 560
943 61 2032 560
944 2 2064 560
945 3 2096 560
946 10 2128 560
947 10 2160 560
948 2 2192 560
949 3 2224 560
950 10 2256 560
951 10 2288 560
952 2 2320 560
953 3 2352 560
954 10 2384 560
955 10 2416 560
956 2 2448 560
957 3 2480 560
958 25 2512 560
959 26 2544 560
960 10 2576 560
961 10 2608 560
962 53 2640 560
963 54 2672 560
964 82 2704 560
965 70 2736 560
966 77 2768 560
967 78 2800 560
968 31 2832 560
969 32 2864 560
970 31 2896 560
971 32 2928 560
972 40 2960 560
973 41 2992 560
974 46 3024 560
975 14 3056 560
976 14 3088 560
977 15 3120 560
978 66 3152 560
979 67 3184 560
980 66 3216 560
981 67 3248 560
982 2 3280 560
983 3 3312 560
984 15 3344 560
985 15 3376 560
986 61 3408 560
987 83 3440 560
988 15 3472 560
989 15 3504 560
990 66 3536 560
991 67 3568 560
992 14 3600 560
993 14 3632 560
994 14 3664 560
995 14 3696 560
996 14 3728 560
997 14 3760 560
998 15 3792 560
999 15 3824 560
1000 61 3856 560
1001 83 3888 560
1002 15 3920 560
1003 15 3952 560
1004 15 3984 560
1005 38 4016 560
1006 84 4048 560
1007 14 4080 560
1008 6 4112 560
1009 33 4144 560
1010 31 4176 560
1011 32 4208 560
1012 40 4240 560
1013 41 4272 560
1014 79 4304 560
1015 80 4336 560
1016 71 4368 560
1017 81 4400 560
1018 61 4432 560
1019 61 4464 560
1020 59 4496 560
1021 60 4528 560
1022 61 4560 560
1023 61 4592 560
1024 61 4624 560
1025 61 4656 560
1026 62 4688 560
1027 63 4720 560
1028 64 4752 560
1029 65 4784 560
1030 31 4816 560
1031 32 4848 560
1032 2 4880 560
1033 3 4912 560
1034 31 4944 560
1035 32 4976 560
1036 2 5008 560
1037 3 5040 560
1038 31 5072 560
1039 32 5104 560
1040 2 5136 560
1041 3 5168 560
1042 31 5200 560
1043 32 5232 560
1044 2 5264 560
1045 3 5296 560
1046 25 5328 560
1047 26 5360 560
1048 2 5392 560
1049 3 5424 560
1050 53 5456 560
1051 54 5488 560
1052 55 5520 560
1053 56 5552 560
1054 15 5584 560
1055 85 5616 560
1056 0 16 528
1057 1 48 528
1058 2 80 528
1059 3 112 528
1060 0 144 528
1061 1 176 528
1062 10 208 528
1063 10 240 528
1064 0 272 528
1065 1 304 528
1066 2 336 528
1067 3 368 528
1068 49 400 528
1069 50 432 528
1070 10 464 528
1071 10 496 528
1072 8 528 528
1073 9 560 528
1074 2 592 528
1075 3 624 528
1076 47 656 528
1077 48 688 528
1078 10 720 528
1079 10 752 528
1080 0 784 528
1081 1 816 528
1082 2 848 528
1083 3 880 528
1084 49 912 528
1085 50 944 528
1086 10 976 528
1087 10 1008 528
1088 0 1040 528
1089 1 1072 528
1090 2 1104 528
1091 3 1136 528
1092 47 1168 528
1093 48 1200 528
1094 10 1232 528
1095 10 1264 528
1096 69 1296 528
1097 55 1328 528
1098 70 1360 528
1099 14 1392 528
1100 14 1424 528
1101 14 1456 528
1102 86 1488 528
1103 87 1520 528
1104 2 1552 528
1105 3 1584 528
1106 0 1616 528
1107 1 1648 528
1108 11 1680 528
1109 12 1712 528
1110 2 1744 528
1111 3 1776 528
1112 18 1808 528
1113 19 1840 528
1114 14 1872 528
1115 14 1904 528
1116 14 1936 528
1117 14 1968 528
1118 14 2000 528
1119 14 2032 528
1120 2 2064 528
1121 3 2096 528
1122 10 2128 528
1123 10 2160 528
1124 2 2192 528
1125 3 2224 528
1126 10 2256 528
1127 10 2288 528
1128 2 2320 528
1129 3 2352 528
1130 10 2384 528
1131 10 2416 528
1132 2 2448 528
1133 3 2480 528
1134 11 2512 528
1135 12 2544 528
1136 10 2576 528
1137 10 2608 528
1138 69 2640 528
1139 55 2672 528
1140 70 2704 528
1141 88 2736 528
1142 86 2768 528
1143 87 2800 528
1144 0 2832 528
1145 1 2864 528
1146 0 2896 528
1147 1 2928 528
1148 2 2960 528
1149 3 2992 528
1150 13 3024 528
1151 14 3056 528
1152 14 3088 528
1153 15 3120 528
1154 37 3152 528
1155 74 3184 528
1156 37 3216 528
1157 74 3248 528
1158 2 3280 528
1159 3 3312 528
1160 14 3344 528
1161 14 3376 528
1162 14 3408 528
1163 89 3440 528
1164 90 3472 528
1165 91 3504 528
1166 37 3536 528
1167 74 3568 528
1168 14 3600 528
1169 14 3632 528
1170 14 3664 528
1171 14 3696 528
1172 40 3728 528
1173 41 3760 528
1174 14 3792 528
1175 14 3824 528
1176 14 3856 528
1177 89 3888 528
1178 90 3920 528
1179 91 3952 528
1180 51 3984 528
1181 52 4016 528
1182 84 4048 528
1183 14 4080 528
1184 4 4112 528
1185 5 4144 528
1186 0 4176 528
1187 1 4208 528
1188 2 4240 528
1189 3 4272 528
1190 18 4304 528
1191 19 4336 528
1192 14 4368 528
1193 14 4400 528
1194 14 4432 528
1195 14 4464 528
1196 14 4496 528
1197 14 4528 528
1198 14 4560 528
1199 14 4592 528
1200 14 4624 528
1201 14 4656 528
1202 14 4688 528
1203 71 4720 528
1204 72 4752 528
1205 73 4784 528
1206 0 4816 528
1207 1 4848 528
1208 2 4880 528
1209 3 4912 528
1210 0 4944 528
1211 1 4976 528
1212 2 5008 528
1213 3 5040 528
1214 0 5072 528
1215 1 5104 528
1216 2 5136 528
1217 3 5168 528
1218 0 5200 528
1219 1 5232 528
1220 2 5264 528
1221 3 5296 528
1222 11 5328 528
1223 12 5360 528
1224 2 5392 528
1225 3 5424 528
1226 69 5456 528
1227 55 5488 528
1228 70 5520 528
1229 14 5552 528
1230 14 5584 528
1231 14 5616 528
1232 31 16 496
1233 32 48 496
1234 2 80 496
1235 3 112 496
1236 31 144 496
1237 32 176 496
1238 10 208 496
1239 10 240 496
1240 29 272 496
1241 30 304 496
1242 2 336 496
1243 3 368 496
1244 31 400 496
1245 32 432 496
1246 10 464 496
1247 10 496 496
1248 25 528 496
1249 26 560 496
1250 2 592 496
1251 3 624 496
1252 34 656 496
1253 35 688 496
1254 10 720 496
1255 10 752 496
1256 31 784 496
1257 32 816 496
1258 2 848 496
1259 3 880 496
1260 31 912 496
1261 32 944 496
1262 10 976 496
1263 10 1008 496
1264 25 1040 496
1265 26 1072 496
1266 2 1104 496
1267 3 1136 496
1268 34 1168 496
1269 35 1200 496
1270 53 1232 496
1271 54 1264 496
1272 82 1296 496
1273 70 1328 496
1274 77 1360 496
1275 78 1392 496
1276 29 1424 496
1277 30 1456 496
1278 31 1488 496
1279 32 1520 496
1280 2 1552 496
1281 3 1584 496
1282 31 1616 496
1283 32 1648 496
1284 31 1680 496
1285 32 1712 496
1286 2 1744 496
1287 3 1776 496
1288 31 1808 496
1289 32 1840 496
1290 2 1872 496
1291 3 1904 496
1292 29 1936 496
1293 30 1968 496
1294 29 2000 496
1295 30 2032 496
1296 2 2064 496
1297 3 2096 496
1298 10 2128 496
1299 10 2160 496
1300 2 2192 496
1301 3 2224 496
1302 10 2256 496
1303 10 2288 496
1304 2 2320 496
1305 3 2352 496
1306 10 2384 496
1307 10 2416 496
1308 2 2448 496
1309 3 2480 496
1310 29 2512 496
1311 30 2544 496
1312 53 2576 496
1313 54 2608 496
1314 82 2640 496
1315 70 2672 496
1316 77 2704 496
1317 78 2736 496
1318 29 2768 496
1319 30 2800 496
1320 31 2832 496
1321 32 2864 496
1322 31 2896 496
1323 32 2928 496
1324 2 2960 496
1325 3 2992 496
1326 46 3024 496
1327 14 3056 496
1328 14 3088 496
1329 15 3120 496
1330 15 3152 496
1331 15 3184 496
1332 15 3216 496
1333 15 3248 496
1334 2 3280 496
1335 17 3312 496
1336 66 3344 496
1337 67 3376 496
1338 2 3408 496
1339 3 3440 496
1340 71 3472 496
1341 83 3504 496
1342 15 3536 496
1343 15 3568 496
1344 14 3600 496
1345 14 3632 496
1346 14 3664 496
1347 14 3696 496
1348 2 3728 496
1349 17 3760 496
1350 66 3792 496
1351 67 3824 496
1352 2 3856 496
1353 3 3888 496
1354 71 3920 496
1355 83 3952 496
1356 15 3984 496
1357 15 4016 496
1358 84 4048 496
1359 14 4080 496
1360 34 4112 496
1361 35 4144 496
1362 31 4176 496
1363 32 4208 496
1364 2 4240 496
1365 3 4272 496
1366 31 4304 496
1367 32 4336 496
1368 29 4368 496
1369 30 4400 496
1370 2 4432 496
1371 3 4464 496
1372 25 4496 496
1373 26 4528 496
1374 2 4560 496
1375 3 4592 496
1376 25 4624 496
1377 26 4656 496
1378 79 4688 496
1379 80 4720 496
1380 71 4752 496
1381 72 4784 496
1382 64 4816 496
1383 65 4848 496
1384 2 4880 496
1385 3 4912 496
1386 31 4944 496
1387 32 4976 496
1388 2 5008 496
1389 3 5040 496
1390 31 5072 496
1391 32 5104 496
1392 2 5136 496
1393 3 5168 496
1394 31 5200 496
1395 32 5232 496
1396 2 5264 496
1397 3 5296 496
1398 31 5328 496
1399 32 5360 496
1400 2 5392 496
1401 3 5424 496
1402 76 5456 496
1403 70 5488 496
1404 77 5520 496
1405 78 5552 496
1406 46 5584 496
1407 24 5616 496
1408 0 16 464
1409 1 48 464
1410 2 80 464
1411 3 112 464
1412 0 144 464
1413 1 176 464
1414 10 208 464
1415 10 240 464
1416 8 272 464
1417 9 304 464
1418 2 336 464
1419 3 368 464
1420 0 400 464
1421 1 432 464
1422 10 464 464
1423 10 496 464
1424 11 528 464
1425 12 560 464
1426 2 592 464
1427 3 624 464
1428 49 656 464
1429 50 688 464
1430 10 720 464
1431 10 752 464
1432 0 784 464
1433 1 816 464
1434 2 848 464
1435 3 880 464
1436 0 912 464
1437 1 944 464
1438 10 976 464
1439 10 1008 464
1440 11 1040 464
1441 12 1072 464
1442 2 1104 464
1443 3 1136 464
1444 49 1168 464
1445 50 1200 464
1446 69 1232 464
1447 55 1264 464
1448 70 1296 464
1449 88 1328 464
1450 86 1360 464
1451 87 1392 464
1452 8 1424 464
1453 9 1456 464
1454 0 1488 464
1455 1 1520 464
1456 2 1552 464
1457 3 1584 464
1458 0 1616 464
1459 1 1648 464
1460 0 1680 464
1461 1 1712 464
1462 2 1744 464
1463 3 1776 464
1464 0 1808 464
1465 1 1840 464
1466 2 1872 464
1467 3 1904 464
1468 8 1936 464
1469 9 1968 464
1470 8 2000 464
1471 9 2032 464
1472 2 2064 464
1473 3 2096 464
1474 10 2128 464
1475 10 2160 464
1476 2 2192 464
1477 3 2224 464
1478 10 2256 464
1479 10 2288 464
1480 2 2320 464
1481 3 2352 464
1482 10 2384 464
1483 10 2416 464
1484 2 2448 464
1485 3 2480 464
1486 8 2512 464
1487 9 2544 464
1488 69 2576 464
1489 55 2608 464
1490 70 2640 464
1491 88 2672 464
1492 86 2704 464
1493 87 2736 464
1494 8 2768 464
1495 9 2800 464
1496 0 2832 464
1497 1 2864 464
1498 0 2896 464
1499 1 2928 464
1500 2 2960 464
1501 3 2992 464
1502 13 3024 464
1503 14 3056 464
1504 14 3088 464
1505 15 3120 464
1506 15 3152 464
1507 15 3184 464
1508 15 3216 464
1509 15 3248 464
1510 16 3280 464
1511 17 3312 464
1512 37 3344 464
1513 74 3376 464
1514 2 3408 464
1515 3 3440 464
1516 92 3472 464
1517 71 3504 464
1518 90 3536 464
1519 91 3568 464
1520 14 3600 464
1521 14 3632 464
1522 14 3664 464
1523 14 3696 464
1524 16 3728 464
1525 17 3760 464
1526 37 3792 464
1527 74 3824 464
1528 2 3856 464
1529 3 3888 464
1530 92 3920 464
1531 71 3952 464
1532 90 3984 464
1533 91 4016 464
1534 84 4048 464
1535 14 4080 464
1536 49 4112 464
1537 50 4144 464
1538 0 4176 464
1539 1 4208 464
1540 2 4240 464
1541 3 4272 464
1542 0 4304 464
1543 1 4336 464
1544 8 4368 464
1545 9 4400 464
1546 2 4432 464
1547 3 4464 464
1548 11 4496 464
1549 12 4528 464
1550 2 4560 464
1551 3 4592 464
1552 11 4624 464
1553 12 4656 464
1554 18 4688 464
1555 19 4720 464
1556 93 4752 464
1557 71 4784 464
1558 72 4816 464
1559 73 4848 464
1560 2 4880 464
1561 3 4912 464
1562 0 4944 464
1563 1 4976 464
1564 2 5008 464
1565 3 5040 464
1566 0 5072 464
1567 1 5104 464
1568 2 5136 464
1569 3 5168 464
1570 0 5200 464
1571 1 5232 464
1572 2 5264 464
1573 3 5296 464
1574 0 5328 464
1575 1 5360 464
1576 2 5392 464
1577 3 5424 464
1578 14 5456 464
1579 14 5488 464
1580 86 5520 464
1581 87 5552 464
1582 13 5584 464
1583 24 5616 464
1584 59 16 432
1585 60 48 432
1586 57 80 432
1587 58 112 432
1588 59 144 432
1589 60 176 432
1590 59 208 432
1591 60 240 432
1592 59 272 432
1593 60 304 432
1594 57 336 432
1595 58 368 432
1596 59 400 432
1597 60 432 432
1598 59 464 432
1599 60 496 432
1600 59 528 432
1601 60 560 432
1602 57 592 432
1603 58 624 432
1604 59 656 432
1605 60 688 432
1606 59 720 432
1607 60 752 432
1608 59 784 432
1609 60 816 432
1610 57 848 432
1611 58 880 432
1612 59 912 432
1613 60 944 432
1614 59 976 432
1615 60 1008 432
1616 59 1040 432
1617 60 1072 432
1618 57 1104 432
1619 58 1136 432
1620 59 1168 432
1621 60 1200 432
1622 76 1232 432
1623 70 1264 432
1624 59 1296 432
1625 60 1328 432
1626 59 1360 432
1627 60 1392 432
1628 59 1424 432
1629 60 1456 432
1630 59 1488 432
1631 60 1520 432
1632 57 1552 432
1633 58 1584 432
1634 59 1616 432
1635 60 1648 432
1636 59 1680 432
1637 60 1712 432
1638 57 1744 432
1639 58 1776 432
1640 59 1808 432
1641 60 1840 432
1642 57 1872 432
1643 58 1904 432
1644 59 1936 432
1645 60 1968 432
1646 59 2000 432
1647 60 2032 432
1648 57 2064 432
1649 58 2096 432
1650 59 2128 432
1651 60 2160 432
1652 57 2192 432
1653 58 2224 432
1654 59 2256 432
1655 60 2288 432
1656 57 2320 432
1657 58 2352 432
1658 59 2384 432
1659 60 2416 432
1660 57 2448 432
1661 58 2480 432
1662 59 2512 432
1663 60 2544 432
1664 76 2576 432
1665 70 2608 432
1666 59 2640 432
1667 60 2672 432
1668 59 2704 432
1669 60 2736 432
1670 59 2768 432
1671 60 2800 432
1672 59 2832 432
1673 60 2864 432
1674 59 2896 432
1675 60 2928 432
1676 57 2960 432
1677 58 2992 432
1678 94 3024 432
1679 14 3056 432
1680 14 3088 432
1681 15 3120 432
1682 61 3152 432
1683 83 3184 432
1684 15 3216 432
1685 15 3248 432
1686 57 3280 432
1687 58 3312 432
1688 15 3344 432
1689 15 3376 432
1690 57 3408 432
1691 58 3440 432
1692 15 3472 432
1693 95 3504 432
1694 71 3536 432
1695 96 3568 432
1696 14 3600 432
1697 14 3632 432
1698 14 3664 432
1699 14 3696 432
1700 57 3728 432
1701 58 3760 432
1702 61 3792 432
1703 83 3824 432
1704 57 3856 432
1705 58 3888 432
1706 15 3920 432
1707 95 3952 432
1708 71 3984 432
1709 96 4016 432
1710 97 4048 432
1711 14 4080 432
1712 59 4112 432
1713 60 4144 432
1714 59 4176 432
1715 60 4208 432
1716 57 4240 432
1717 58 4272 432
1718 59 4304 432
1719 60 4336 432
1720 59 4368 432
1721 60 4400 432
1722 57 4432 432
1723 58 4464 432
1724 59 4496 432
1725 60 4528 432
1726 57 4560 432
1727 58 4592 432
1728 59 4624 432
1729 60 4656 432
1730 59 4688 432
1731 60 4720 432
1732 59 4752 432
1733 60 4784 432
1734 71 4816 432
1735 81 4848 432
1736 57 4880 432
1737 58 4912 432
1738 59 4944 432
1739 60 4976 432
1740 57 5008 432
1741 58 5040 432
1742 59 5072 432
1743 60 5104 432
1744 57 5136 432
1745 58 5168 432
1746 59 5200 432
1747 60 5232 432
1748 57 5264 432
1749 58 5296 432
1750 59 5328 432
1751 60 5360 432
1752 57 5392 432
1753 58 5424 432
1754 59 5456 432
1755 60 5488 432
1756 59 5520 432
1757 60 5552 432
1758 94 5584 432
1759 24 5616 432
1760 14 16 400
1761 14 48 400
1762 14 80 400
1763 14 112 400
1764 14 144 400
1765 14 176 400
1766 14 208 400
1767 14 240 400
1768 14 272 400
1769 14 304 400
1770 14 336 400
1771 14 368 400
1772 14 400 400
1773 14 432 400
1774 14 464 400
1775 14 496 400
1776 14 528 400
1777 14 560 400
1778 14 592 400
1779 14 624 400
1780 14 656 400
1781 14 688 400
1782 14 720 400
1783 14 752 400
1784 14 784 400
1785 14 816 400
1786 14 848 400
1787 14 880 400
1788 14 912 400
1789 14 944 400
1790 14 976 400
1791 14 1008 400
1792 14 1040 400
1793 14 1072 400
1794 14 1104 400
1795 14 1136 400
1796 14 1168 400
1797 14 1200 400
1798 14 1232 400
1799 14 1264 400
1800 14 1296 400
1801 14 1328 400
1802 14 1360 400
1803 14 1392 400
1804 14 1424 400
1805 14 1456 400
1806 14 1488 400
1807 14 1520 400
1808 14 1552 400
1809 14 1584 400
1810 14 1616 400
1811 14 1648 400
1812 14 1680 400
1813 14 1712 400
1814 14 1744 400
1815 14 1776 400
1816 14 1808 400
1817 14 1840 400
1818 14 1872 400
1819 14 1904 400
1820 14 1936 400
1821 14 1968 400
1822 14 2000 400
1823 14 2032 400
1824 14 2064 400
1825 14 2096 400
1826 14 2128 400
1827 14 2160 400
1828 14 2192 400
1829 14 2224 400
1830 14 2256 400
1831 14 2288 400
1832 14 2320 400
1833 14 2352 400
1834 14 2384 400
1835 14 2416 400
1836 14 2448 400
1837 14 2480 400
1838 14 2512 400
1839 14 2544 400
1840 14 2576 400
1841 14 2608 400
1842 14 2640 400
1843 14 2672 400
1844 14 2704 400
1845 14 2736 400
1846 14 2768 400
1847 14 2800 400
1848 14 2832 400
1849 14 2864 400
1850 14 2896 400
1851 14 2928 400
1852 14 2960 400
1853 14 2992 400
1854 14 3024 400
1855 14 3056 400
1856 14 3088 400
1857 14 3120 400
1858 14 3152 400
1859 89 3184 400
1860 14 3216 400
1861 14 3248 400
1862 14 3280 400
1863 14 3312 400
1864 14 3344 400
1865 14 3376 400
1866 14 3408 400
1867 14 3440 400
1868 14 3472 400
1869 14 3504 400
1870 14 3536 400
1871 14 3568 400
1872 14 3600 400
1873 14 3632 400
1874 14 3664 400
1875 14 3696 400
1876 14 3728 400
1877 14 3760 400
1878 14 3792 400
1879 89 3824 400
1880 14 3856 400
1881 14 3888 400
1882 14 3920 400
1883 14 3952 400
1884 14 3984 400
1885 14 4016 400
1886 14 4048 400
1887 14 4080 400
1888 14 4112 400
1889 14 4144 400
1890 14 4176 400
1891 14 4208 400
1892 14 4240 400
1893 14 4272 400
1894 14 4304 400
1895 14 4336 400
1896 14 4368 400
1897 14 4400 400
1898 14 4432 400
1899 14 4464 400
1900 14 4496 400
1901 14 4528 400
1902 14 4560 400
1903 14 4592 400
1904 14 4624 400
1905 14 4656 400
1906 14 4688 400
1907 14 4720 400
1908 14 4752 400
1909 14 4784 400
1910 14 4816 400
1911 14 4848 400
1912 14 4880 400
1913 14 4912 400
1914 14 4944 400
1915 14 4976 400
1916 14 5008 400
1917 14 5040 400
1918 14 5072 400
1919 14 5104 400
1920 14 5136 400
1921 14 5168 400
1922 14 5200 400
1923 14 5232 400
1924 14 5264 400
1925 14 5296 400
1926 14 5328 400
1927 14 5360 400
1928 14 5392 400
1929 14 5424 400
1930 14 5456 400
1931 14 5488 400
1932 14 5520 400
1933 14 5552 400
1934 14 5584 400
1935 14 5616 400
1936 37 16 368
1937 37 48 368
1938 37 80 368
1939 37 112 368
1940 37 144 368
1941 37 176 368
1942 37 208 368
1943 37 240 368
1944 37 272 368
1945 37 304 368
1946 37 336 368
1947 37 368 368
1948 37 400 368
1949 37 432 368
1950 37 464 368
1951 37 496 368
1952 37 528 368
1953 37 560 368
1954 37 592 368
1955 37 624 368
1956 37 656 368
1957 37 688 368
1958 37 720 368
1959 37 752 368
1960 37 784 368
1961 37 816 368
1962 37 848 368
1963 37 880 368
1964 37 912 368
1965 37 944 368
1966 37 976 368
1967 37 1008 368
1968 37 1040 368
1969 37 1072 368
1970 37 1104 368
1971 37 1136 368
1972 37 1168 368
1973 37 1200 368
1974 37 1232 368
1975 37 1264 368
1976 37 1296 368
1977 37 1328 368
1978 37 1360 368
1979 37 1392 368
1980 37 1424 368
1981 37 1456 368
1982 37 1488 368
1983 37 1520 368
1984 37 1552 368
1985 37 1584 368
1986 37 1616 368
1987 37 1648 368
1988 37 1680 368
1989 37 1712 368
1990 37 1744 368
1991 37 1776 368
1992 37 1808 368
1993 37 1840 368
1994 37 1872 368
1995 37 1904 368
1996 37 1936 368
1997 37 1968 368
1998 37 2000 368
1999 37 2032 368
2000 37 2064 368
2001 37 2096 368
2002 37 2128 368
2003 37 2160 368
2004 37 2192 368
2005 37 2224 368
2006 37 2256 368
2007 37 2288 368
2008 37 2320 368
2009 37 2352 368
2010 37 2384 368
2011 37 2416 368
2012 37 2448 368
2013 37 2480 368
2014 37 2512 368
2015 37 2544 368
2016 37 2576 368
2017 37 2608 368
2018 37 2640 368
2019 37 2672 368
2020 37 2704 368
2021 37 2736 368
2022 37 2768 368
2023 37 2800 368
2024 37 2832 368
2025 37 2864 368
2026 37 2896 368
2027 37 2928 368
2028 37 2960 368
2029 37 2992 368
2030 37 3024 368
2031 37 3056 368
2032 37 3088 368
2033 37 3120 368
2034 37 3152 368
2035 37 3184 368
2036 37 3216 368
2037 37 3248 368
2038 37 3280 368
2039 37 3312 368
2040 37 3344 368
2041 37 3376 368
2042 37 3408 368
2043 37 3440 368
2044 37 3472 368
2045 37 3504 368
2046 37 3536 368
2047 37 3568 368
2048 37 3600 368
2049 37 3632 368
2050 37 3664 368
2051 37 3696 368
2052 37 3728 368
2053 37 3760 368
2054 37 3792 368
2055 37 3824 368
2056 37 3856 368
2057 37 3888 368
2058 37 3920 368
2059 37 3952 368
2060 37 3984 368
2061 37 4016 368
2062 37 4048 368
2063 37 4080 368
2064 37 4112 368
2065 37 4144 368
2066 37 4176 368
2067 37 4208 368
2068 37 4240 368
2069 37 4272 368
2070 37 4304 368
2071 37 4336 368
2072 37 4368 368
2073 37 4400 368
2074 37 4432 368
2075 37 4464 368
2076 37 4496 368
2077 37 4528 368
2078 37 4560 368
2079 37 4592 368
2080 37 4624 368
2081 37 4656 368
2082 37 4688 368
2083 37 4720 368
2084 37 4752 368
2085 37 4784 368
2086 37 4816 368
2087 37 4848 368
2088 37 4880 368
2089 37 4912 368
2090 37 4944 368
2091 37 4976 368
2092 37 5008 368
2093 37 5040 368
2094 37 5072 368
2095 37 5104 368
2096 37 5136 368
2097 37 5168 368
2098 37 5200 368
2099 37 5232 368
2100 37 5264 368
2101 37 5296 368
2102 37 5328 368
2103 37 5360 368
2104 37 5392 368
2105 37 5424 368
2106 37 5456 368
2107 37 5488 368
2108 37 5520 368
2109 37 5552 368
2110 37 5584 368
2111 37 5616 368
2112 37 16 336
2113 37 48 336
2114 37 80 336
2115 37 112 336
2116 37 144 336
2117 37 176 336
2118 37 208 336
2119 37 240 336
2120 37 272 336
2121 37 304 336
2122 37 336 336
2123 37 368 336
2124 37 400 336
2125 37 432 336
2126 37 464 336
2127 37 496 336
2128 37 528 336
2129 37 560 336
2130 37 592 336
2131 37 624 336
2132 37 656 336
2133 37 688 336
2134 37 720 336
2135 37 752 336
2136 37 784 336
2137 37 816 336
2138 37 848 336
2139 37 880 336
2140 37 912 336
2141 37 944 336
2142 37 976 336
2143 37 1008 336
2144 37 1040 336
2145 37 1072 336
2146 37 1104 336
2147 37 1136 336
2148 37 1168 336
2149 37 1200 336
2150 37 1232 336
2151 37 1264 336
2152 37 1296 336
2153 37 1328 336
2154 37 1360 336
2155 37 1392 336
2156 37 1424 336
2157 37 1456 336
2158 37 1488 336
2159 37 1520 336
2160 37 1552 336
2161 37 1584 336
2162 37 1616 336
2163 37 1648 336
2164 37 1680 336
2165 37 1712 336
2166 37 1744 336
2167 37 1776 336
2168 37 1808 336
2169 37 1840 336
2170 37 1872 336
2171 37 1904 336
2172 37 1936 336
2173 37 1968 336
2174 37 2000 336
2175 37 2032 336
2176 37 2064 336
2177 37 2096 336
2178 37 2128 336
2179 37 2160 336
2180 37 2192 336
2181 37 2224 336
2182 37 2256 336
2183 37 2288 336
2184 37 2320 336
2185 37 2352 336
2186 37 2384 336
2187 37 2416 336
2188 37 2448 336
2189 37 2480 336
2190 37 2512 336
2191 37 2544 336
2192 37 2576 336
2193 37 2608 336
2194 37 2640 336
2195 37 2672 336
2196 37 2704 336
2197 37 2736 336
2198 37 2768 336
2199 37 2800 336
2200 37 2832 336
2201 37 2864 336
2202 37 2896 336
2203 37 2928 336
2204 37 2960 336
2205 37 2992 336
2206 37 3024 336
2207 37 3056 336
2208 40 3088 336
2209 41 3120 336
2210 15 3152 336
2211 98 3184 336
2212 99 3216 336
2213 37 3248 336
2214 40 3280 336
2215 41 3312 336
2216 37 3344 336
2217 37 3376 336
2218 37 3408 336
2219 37 3440 336
2220 40 3472 336
2221 41 3504 336
2222 37 3536 336
2223 37 3568 336
2224 40 3600 336
2225 41 3632 336
2226 37 3664 336
2227 37 3696 336
2228 2 3728 336
2229 3 3760 336
2230 15 3792 336
2231 98 3824 336
2232 99 3856 336
2233 37 3888 336
2234 37 3920 336
2235 37 3952 336
2236 2 3984 336
2237 3 4016 336
2238 84 4048 336
2239 14 4080 336
2240 37 4112 336
2241 37 4144 336
2242 37 4176 336
2243 37 4208 336
2244 37 4240 336
2245 37 4272 336
2246 37 4304 336
2247 37 4336 336
2248 37 4368 336
2249 37 4400 336
2250 37 4432 336
2251 37 4464 336
2252 37 4496 336
2253 37 4528 336
2254 37 4560 336
2255 37 4592 336
2256 37 4624 336
2257 37 4656 336
2258 37 4688 336
2259 37 4720 336
2260 37 4752 336
2261 37 4784 336
2262 37 4816 336
2263 37 4848 336
2264 37 4880 336
2265 37 4912 336
2266 37 4944 336
2267 37 4976 336
2268 37 5008 336
2269 37 5040 336
2270 37 5072 336
2271 37 5104 336
2272 37 5136 336
2273 37 5168 336
2274 37 5200 336
2275 37 5232 336
2276 37 5264 336
2277 37 5296 336
2278 37 5328 336
2279 37 5360 336
2280 37 5392 336
2281 37 5424 336
2282 37 5456 336
2283 37 5488 336
2284 37 5520 336
2285 37 5552 336
2286 37 5584 336
2287 37 5616 336
2288 37 16 304
2289 37 48 304
2290 37 80 304
2291 37 112 304
2292 37 144 304
2293 37 176 304
2294 37 208 304
2295 37 240 304
2296 37 272 304
2297 37 304 304
2298 37 336 304
2299 37 368 304
2300 37 400 304
2301 37 432 304
2302 37 464 304
2303 37 496 304
2304 37 528 304
2305 37 560 304
2306 37 592 304
2307 37 624 304
2308 37 656 304
2309 37 688 304
2310 37 720 304
2311 37 752 304
2312 37 784 304
2313 37 816 304
2314 37 848 304
2315 37 880 304
2316 37 912 304
2317 37 944 304
2318 37 976 304
2319 37 1008 304
2320 37 1040 304
2321 37 1072 304
2322 37 1104 304
2323 37 1136 304
2324 37 1168 304
2325 37 1200 304
2326 37 1232 304
2327 37 1264 304
2328 37 1296 304
2329 37 1328 304
2330 37 1360 304
2331 37 1392 304
2332 37 1424 304
2333 37 1456 304
2334 37 1488 304
2335 37 1520 304
2336 37 1552 304
2337 37 1584 304
2338 37 1616 304
2339 37 1648 304
2340 37 1680 304
2341 37 1712 304
2342 37 1744 304
2343 37 1776 304
2344 37 1808 304
2345 37 1840 304
2346 37 1872 304
2347 37 1904 304
2348 37 1936 304
2349 37 1968 304
2350 37 2000 304
2351 37 2032 304
2352 37 2064 304
2353 37 2096 304
2354 37 2128 304
2355 37 2160 304
2356 37 2192 304
2357 37 2224 304
2358 37 2256 304
2359 37 2288 304
2360 37 2320 304
2361 37 2352 304
2362 37 2384 304
2363 37 2416 304
2364 37 2448 304
2365 37 2480 304
2366 37 2512 304
2367 37 2544 304
2368 37 2576 304
2369 37 2608 304
2370 37 2640 304
2371 37 2672 304
2372 37 2704 304
2373 37 2736 304
2374 37 2768 304
2375 37 2800 304
2376 37 2832 304
2377 37 2864 304
2378 37 2896 304
2379 37 2928 304
2380 37 2960 304
2381 37 2992 304
2382 37 3024 304
2383 37 3056 304
2384 2 3088 304
2385 3 3120 304
2386 15 3152 304
2387 15 3184 304
2388 98 3216 304
2389 99 3248 304
2390 2 3280 304
2391 17 3312 304
2392 37 3344 304
2393 37 3376 304
2394 37 3408 304
2395 37 3440 304
2396 2 3472 304
2397 17 3504 304
2398 37 3536 304
2399 37 3568 304
2400 2 3600 304
2401 3 3632 304
2402 37 3664 304
2403 37 3696 304
2404 2 3728 304
2405 3 3760 304
2406 15 3792 304
2407 15 3824 304
2408 98 3856 304
2409 99 3888 304
2410 37 3920 304
2411 37 3952 304
2412 2 3984 304
2413 3 4016 304
2414 84 4048 304
2415 14 4080 304
2416 37 4112 304
2417 37 4144 304
2418 37 4176 304
2419 37 4208 304
2420 37 4240 304
2421 37 4272 304
2422 37 4304 304
2423 37 4336 304
2424 37 4368 304
2425 37 4400 304
2426 37 4432 304
2427 37 4464 304
2428 37 4496 304
2429 37 4528 304
2430 37 4560 304
2431 37 4592 304
2432 37 4624 304
2433 37 4656 304
2434 37 4688 304
2435 37 4720 304
2436 37 4752 304
2437 37 4784 304
2438 37 4816 304
2439 37 4848 304
2440 37 4880 304
2441 37 4912 304
2442 37 4944 304
2443 37 4976 304
2444 37 5008 304
2445 37 5040 304
2446 37 5072 304
2447 37 5104 304
2448 37 5136 304
2449 37 5168 304
2450 37 5200 304
2451 37 5232 304
2452 37 5264 304
2453 37 5296 304
2454 37 5328 304
2455 37 5360 304
2456 37 5392 304
2457 37 5424 304
2458 37 5456 304
2459 37 5488 304
2460 37 5520 304
2461 37 5552 304
2462 37 5584 304
2463 37 5616 304
2464 37 16 272
2465 37 48 272
2466 37 80 272
2467 37 112 272
2468 37 144 272
2469 37 176 272
2470 37 208 272
2471 37 240 272
2472 37 272 272
2473 37 304 272
2474 37 336 272
2475 37 368 272
2476 37 400 272
2477 37 432 272
2478 37 464 272
2479 37 496 272
2480 37 528 272
2481 37 560 272
2482 37 592 272
2483 37 624 272
2484 37 656 272
2485 37 688 272
2486 37 720 272
2487 37 752 272
2488 37 784 272
2489 37 816 272
2490 37 848 272
2491 37 880 272
2492 37 912 272
2493 37 944 272
2494 37 976 272
2495 37 1008 272
2496 37 1040 272
2497 37 1072 272
2498 37 1104 272
2499 37 1136 272
2500 37 1168 272
2501 37 1200 272
2502 37 1232 272
2503 37 1264 272
2504 37 1296 272
2505 37 1328 272
2506 37 1360 272
2507 37 1392 272
2508 37 1424 272
2509 37 1456 272
2510 37 1488 272
2511 37 1520 272
2512 37 1552 272
2513 37 1584 272
2514 37 1616 272
2515 37 1648 272
2516 37 1680 272
2517 37 1712 272
2518 37 1744 272
2519 37 1776 272
2520 37 1808 272
2521 37 1840 272
2522 37 1872 272
2523 37 1904 272
2524 37 1936 272
2525 37 1968 272
2526 37 2000 272
2527 37 2032 272
2528 37 2064 272
2529 37 2096 272
2530 37 2128 272
2531 37 2160 272
2532 37 2192 272
2533 37 2224 272
2534 37 2256 272
2535 37 2288 272
2536 37 2320 272
2537 37 2352 272
2538 37 2384 272
2539 37 2416 272
2540 37 2448 272
2541 37 2480 272
2542 37 2512 272
2543 37 2544 272
2544 37 2576 272
2545 37 2608 272
2546 37 2640 272
2547 37 2672 272
2548 37 2704 272
2549 37 2736 272
2550 37 2768 272
2551 37 2800 272
2552 37 2832 272
2553 37 2864 272
2554 37 2896 272
2555 37 2928 272
2556 37 2960 272
2557 37 2992 272
2558 37 3024 272
2559 37 3056 272
2560 2 3088 272
2561 3 3120 272
2562 15 3152 272
2563 15 3184 272
2564 15 3216 272
2565 98 3248 272
2566 16 3280 272
2567 17 3312 272
2568 37 3344 272
2569 37 3376 272
2570 37 3408 272
2571 37 3440 272
2572 16 3472 272
2573 17 3504 272
2574 37 3536 272
2575 37 3568 272
2576 2 3600 272
2577 3 3632 272
2578 37 3664 272
2579 37 3696 272
2580 2 3728 272
2581 3 3760 272
2582 15 3792 272
2583 15 3824 272
2584 15 3856 272
2585 98 3888 272
2586 99 3920 272
2587 37 3952 272
2588 2 3984 272
2589 3 4016 272
2590 84 4048 272
2591 14 4080 272
2592 37 4112 272
2593 37 4144 272
2594 37 4176 272
2595 37 4208 272
2596 37 4240 272
2597 37 4272 272
2598 37 4304 272
2599 37 4336 272
2600 37 4368 272
2601 37 4400 272
2602 37 4432 272
2603 37 4464 272
2604 37 4496 272
2605 37 4528 272
2606 37 4560 272
2607 37 4592 272
2608 37 4624 272
2609 37 4656 272
2610 37 4688 272
2611 37 4720 272
2612 37 4752 272
2613 37 4784 272
2614 37 4816 272
2615 37 4848 272
2616 37 4880 272
2617 37 4912 272
2618 37 4944 272
2619 37 4976 272
2620 37 5008 272
2621 37 5040 272
2622 37 5072 272
2623 37 5104 272
2624 37 5136 272
2625 37 5168 272
2626 37 5200 272
2627 37 5232 272
2628 37 5264 272
2629 37 5296 272
2630 37 5328 272
2631 37 5360 272
2632 37 5392 272
2633 37 5424 272
2634 37 5456 272
2635 37 5488 272
2636 37 5520 272
2637 37 5552 272
2638 37 5584 272
2639 37 5616 272
2640 37 16 240
2641 37 48 240
2642 37 80 240
2643 37 112 240
2644 37 144 240
2645 37 176 240
2646 37 208 240
2647 37 240 240
2648 37 272 240
2649 37 304 240
2650 37 336 240
2651 37 368 240
2652 37 400 240
2653 37 432 240
2654 37 464 240
2655 37 496 240
2656 37 528 240
2657 37 560 240
2658 37 592 240
2659 37 624 240
2660 37 656 240
2661 37 688 240
2662 37 720 240
2663 37 752 240
2664 37 784 240
2665 37 816 240
2666 37 848 240
2667 37 880 240
2668 37 912 240
2669 37 944 240
2670 37 976 240
2671 37 1008 240
2672 37 1040 240
2673 37 1072 240
2674 37 1104 240
2675 37 1136 240
2676 37 1168 240
2677 37 1200 240
2678 37 1232 240
2679 37 1264 240
2680 37 1296 240
2681 37 1328 240
2682 37 1360 240
2683 37 1392 240
2684 37 1424 240
2685 37 1456 240
2686 37 1488 240
2687 37 1520 240
2688 37 1552 240
2689 37 1584 240
2690 37 1616 240
2691 37 1648 240
2692 37 1680 240
2693 37 1712 240
2694 37 1744 240
2695 37 1776 240
2696 37 1808 240
2697 37 1840 240
2698 37 1872 240
2699 37 1904 240
2700 37 1936 240
2701 37 1968 240
2702 37 2000 240
2703 37 2032 240
2704 37 2064 240
2705 37 2096 240
2706 37 2128 240
2707 37 2160 240
2708 37 2192 240
2709 37 2224 240
2710 37 2256 240
2711 37 2288 240
2712 37 2320 240
2713 37 2352 240
2714 37 2384 240
2715 37 2416 240
2716 37 2448 240
2717 37 2480 240
2718 37 2512 240
2719 37 2544 240
2720 37 2576 240
2721 37 2608 240
2722 37 2640 240
2723 37 2672 240
2724 37 2704 240
2725 37 2736 240
2726 37 2768 240
2727 37 2800 240
2728 37 2832 240
2729 37 2864 240
2730 37 2896 240
2731 37 2928 240
2732 37 2960 240
2733 37 2992 240
2734 37 3024 240
2735 37 3056 240
2736 2 3088 240
2737 17 3120 240
2738 15 3152 240
2739 15 3184 240
2740 15 3216 240
2741 15 3248 240
2742 14 3280 240
2743 14 3312 240
2744 37 3344 240
2745 37 3376 240
2746 37 3408 240
2747 37 3440 240
2748 2 3472 240
2749 17 3504 240
2750 37 3536 240
2751 37 3568 240
2752 2 3600 240
2753 3 3632 240
2754 37 3664 240
2755 37 3696 240
2756 2 3728 240
2757 3 3760 240
2758 15 3792 240
2759 15 3824 240
2760 15 3856 240
2761 15 3888 240
2762 98 3920 240
2763 99 3952 240
2764 2 3984 240
2765 3 4016 240
2766 84 4048 240
2767 14 4080 240
2768 37 4112 240
2769 37 4144 240
2770 37 4176 240
2771 37 4208 240
2772 37 4240 240
2773 37 4272 240
2774 37 4304 240
2775 37 4336 240
2776 37 4368 240
2777 37 4400 240
2778 37 4432 240
2779 37 4464 240
2780 37 4496 240
2781 37 4528 240
2782 37 4560 240
2783 37 4592 240
2784 37 4624 240
2785 37 4656 240
2786 37 4688 240
2787 37 4720 240
2788 37 4752 240
2789 37 4784 240
2790 37 4816 240
2791 37 4848 240
2792 37 4880 240
2793 37 4912 240
2794 37 4944 240
2795 37 4976 240
2796 37 5008 240
2797 37 5040 240
2798 37 5072 240
2799 37 5104 240
2800 37 5136 240
2801 37 5168 240
2802 37 5200 240
2803 37 5232 240
2804 37 5264 240
2805 37 5296 240
2806 37 5328 240
2807 37 5360 240
2808 37 5392 240
2809 37 5424 240
2810 37 5456 240
2811 37 5488 240
2812 37 5520 240
2813 37 5552 240
2814 37 5584 240
2815 37 5616 240
2816 37 16 208
2817 37 48 208
2818 37 80 208
2819 37 112 208
2820 37 144 208
2821 37 176 208
2822 37 208 208
2823 37 240 208
2824 37 272 208
2825 37 304 208
2826 37 336 208
2827 37 368 208
2828 37 400 208
2829 37 432 208
2830 37 464 208
2831 37 496 208
2832 37 528 208
2833 37 560 208
2834 37 592 208
2835 37 624 208
2836 37 656 208
2837 37 688 208
2838 37 720 208
2839 37 752 208
2840 37 784 208
2841 37 816 208
2842 37 848 208
2843 37 880 208
2844 37 912 208
2845 37 944 208
2846 37 976 208
2847 37 1008 208
2848 37 1040 208
2849 37 1072 208
2850 37 1104 208
2851 37 1136 208
2852 37 1168 208
2853 37 1200 208
2854 37 1232 208
2855 37 1264 208
2856 37 1296 208
2857 37 1328 208
2858 37 1360 208
2859 37 1392 208
2860 37 1424 208
2861 37 1456 208
2862 37 1488 208
2863 37 1520 208
2864 37 1552 208
2865 37 1584 208
2866 37 1616 208
2867 37 1648 208
2868 37 1680 208
2869 37 1712 208
2870 37 1744 208
2871 37 1776 208
2872 37 1808 208
2873 37 1840 208
2874 37 1872 208
2875 37 1904 208
2876 37 1936 208
2877 37 1968 208
2878 37 2000 208
2879 37 2032 208
2880 37 2064 208
2881 37 2096 208
2882 37 2128 208
2883 37 2160 208
2884 37 2192 208
2885 37 2224 208
2886 37 2256 208
2887 37 2288 208
2888 37 2320 208
2889 37 2352 208
2890 37 2384 208
2891 37 2416 208
2892 37 2448 208
2893 37 2480 208
2894 37 2512 208
2895 37 2544 208
2896 37 2576 208
2897 37 2608 208
2898 37 2640 208
2899 37 2672 208
2900 37 2704 208
2901 37 2736 208
2902 37 2768 208
2903 37 2800 208
2904 37 2832 208
2905 37 2864 208
2906 37 2896 208
2907 37 2928 208
2908 37 2960 208
2909 37 2992 208
2910 37 3024 208
2911 37 3056 208
2912 16 3088 208
2913 17 3120 208
2914 15 3152 208
2915 15 3184 208
2916 15 3216 208
2917 15 3248 208
2918 40 3280 208
2919 41 3312 208
2920 37 3344 208
2921 37 3376 208
2922 37 3408 208
2923 37 3440 208
2924 16 3472 208
2925 17 3504 208
2926 37 3536 208
2927 37 3568 208
2928 2 3600 208
2929 3 3632 208
2930 37 3664 208
2931 37 3696 208
2932 2 3728 208
2933 3 3760 208
2934 15 3792 208
2935 15 3824 208
2936 15 3856 208
2937 15 3888 208
2938 15 3920 208
2939 98 3952 208
2940 2 3984 208
2941 3 4016 208
2942 84 4048 208
2943 14 4080 208
2944 37 4112 208
2945 37 4144 208
2946 37 4176 208
2947 37 4208 208
2948 37 4240 208
2949 37 4272 208
2950 37 4304 208
2951 37 4336 208
2952 37 4368 208
2953 37 4400 208
2954 37 4432 208
2955 37 4464 208
2956 37 4496 208
2957 37 4528 208
2958 37 4560 208
2959 37 4592 208
2960 37 4624 208
2961 37 4656 208
2962 37 4688 208
2963 37 4720 208
2964 37 4752 208
2965 37 4784 208
2966 37 4816 208
2967 37 4848 208
2968 37 4880 208
2969 37 4912 208
2970 37 4944 208
2971 37 4976 208
2972 37 5008 208
2973 37 5040 208
2974 37 5072 208
2975 37 5104 208
2976 37 5136 208
2977 37 5168 208
2978 37 5200 208
2979 37 5232 208
2980 37 5264 208
2981 37 5296 208
2982 37 5328 208
2983 37 5360 208
2984 37 5392 208
2985 37 5424 208
2986 37 5456 208
2987 37 5488 208
2988 37 5520 208
2989 37 5552 208
2990 37 5584 208
2991 37 5616 208
2992 37 16 176
2993 37 48 176
2994 37 80 176
2995 37 112 176
2996 37 144 176
2997 37 176 176
2998 37 208 176
2999 37 240 176
3000 37 272 176
3001 37 304 176
3002 37 336 176
3003 37 368 176
3004 37 400 176
3005 37 432 176
3006 37 464 176
3007 37 496 176
3008 37 528 176
3009 37 560 176
3010 37 592 176
3011 37 624 176
3012 37 656 176
3013 37 688 176
3014 37 720 176
3015 37 752 176
3016 37 784 176
3017 37 816 176
3018 37 848 176
3019 37 880 176
3020 37 912 176
3021 37 944 176
3022 37 976 176
3023 37 1008 176
3024 37 1040 176
3025 37 1072 176
3026 37 1104 176
3027 37 1136 176
3028 37 1168 176
3029 37 1200 176
3030 37 1232 176
3031 37 1264 176
3032 37 1296 176
3033 37 1328 176
3034 37 1360 176
3035 37 1392 176
3036 37 1424 176
3037 37 1456 176
3038 37 1488 176
3039 37 1520 176
3040 37 1552 176
3041 37 1584 176
3042 37 1616 176
3043 37 1648 176
3044 37 1680 176
3045 37 1712 176
3046 37 1744 176
3047 37 1776 176
3048 37 1808 176
3049 37 1840 176
3050 37 1872 176
3051 37 1904 176
3052 37 1936 176
3053 37 1968 176
3054 37 2000 176
3055 37 2032 176
3056 37 2064 176
3057 37 2096 176
3058 37 2128 176
3059 37 2160 176
3060 37 2192 176
3061 37 2224 176
3062 37 2256 176
3063 37 2288 176
3064 37 2320 176
3065 37 2352 176
3066 37 2384 176
3067 37 2416 176
3068 37 2448 176
3069 37 2480 176
3070 37 2512 176
3071 37 2544 176
3072 37 2576 176
3073 37 2608 176
3074 37 2640 176
3075 37 2672 176
3076 37 2704 176
3077 37 2736 176
3078 37 2768 176
3079 37 2800 176
3080 37 2832 176
3081 37 2864 176
3082 37 2896 176
3083 37 2928 176
3084 37 2960 176
3085 37 2992 176
3086 37 3024 176
3087 37 3056 176
3088 14 3088 176
3089 14 3120 176
3090 14 3152 176
3091 14 3184 176
3092 14 3216 176
3093 14 3248 176
3094 14 3280 176
3095 14 3312 176
3096 14 3344 176
3097 14 3376 176
3098 14 3408 176
3099 14 3440 176
3100 14 3472 176
3101 14 3504 176
3102 37 3536 176
3103 37 3568 176
3104 14 3600 176
3105 14 3632 176
3106 37 3664 176
3107 37 3696 176
3108 14 3728 176
3109 14 3760 176
3110 14 3792 176
3111 14 3824 176
3112 14 3856 176
3113 14 3888 176
3114 14 3920 176
3115 14 3952 176
3116 14 3984 176
3117 14 4016 176
3118 84 4048 176
3119 14 4080 176
3120 37 4112 176
3121 37 4144 176
3122 37 4176 176
3123 37 4208 176
3124 37 4240 176
3125 37 4272 176
3126 37 4304 176
3127 37 4336 176
3128 37 4368 176
3129 37 4400 176
3130 37 4432 176
3131 37 4464 176
3132 37 4496 176
3133 37 4528 176
3134 37 4560 176
3135 37 4592 176
3136 37 4624 176
3137 37 4656 176
3138 37 4688 176
3139 37 4720 176
3140 37 4752 176
3141 37 4784 176
3142 37 4816 176
3143 37 4848 176
3144 37 4880 176
3145 37 4912 176
3146 37 4944 176
3147 37 4976 176
3148 37 5008 176
3149 37 5040 176
3150 37 5072 176
3151 37 5104 176
3152 37 5136 176
3153 37 5168 176
3154 37 5200 176
3155 37 5232 176
3156 37 5264 176
3157 37 5296 176
3158 37 5328 176
3159 37 5360 176
3160 37 5392 176
3161 37 5424 176
3162 37 5456 176
3163 37 5488 176
3164 37 5520 176
3165 37 5552 176
3166 37 5584 176
3167 37 5616 176
3168 37 16 144
3169 37 48 144
3170 37 80 144
3171 37 112 144
3172 37 144 144
3173 37 176 144
3174 37 208 144
3175 37 240 144
3176 37 272 144
3177 37 304 144
3178 37 336 144
3179 37 368 144
3180 37 400 144
3181 37 432 144
3182 37 464 144
3183 37 496 144
3184 37 528 144
3185 37 560 144
3186 37 592 144
3187 37 624 144
3188 37 656 144
3189 37 688 144
3190 37 720 144
3191 37 752 144
3192 37 784 144
3193 37 816 144
3194 37 848 144
3195 37 880 144
3196 37 912 144
3197 37 944 144
3198 37 976 144
3199 37 1008 144
3200 37 1040 144
3201 37 1072 144
3202 37 1104 144
3203 37 1136 144
3204 37 1168 144
3205 37 1200 144
3206 37 1232 144
3207 37 1264 144
3208 37 1296 144
3209 37 1328 144
3210 37 1360 144
3211 37 1392 144
3212 37 1424 144
3213 37 1456 144
3214 37 1488 144
3215 37 1520 144
3216 37 1552 144
3217 37 1584 144
3218 37 1616 144
3219 37 1648 144
3220 37 1680 144
3221 37 1712 144
3222 37 1744 144
3223 37 1776 144
3224 37 1808 144
3225 37 1840 144
3226 37 1872 144
3227 37 1904 144
3228 37 1936 144
3229 37 1968 144
3230 37 2000 144
3231 37 2032 144
3232 37 2064 144
3233 37 2096 144
3234 37 2128 144
3235 37 2160 144
3236 37 2192 144
3237 37 2224 144
3238 37 2256 144
3239 37 2288 144
3240 37 2320 144
3241 37 2352 144
3242 37 2384 144
3243 37 2416 144
3244 37 2448 144
3245 37 2480 144
3246 37 2512 144
3247 37 2544 144
3248 37 2576 144
3249 37 2608 144
3250 37 2640 144
3251 37 2672 144
3252 37 2704 144
3253 37 2736 144
3254 37 2768 144
3255 37 2800 144
3256 37 2832 144
3257 37 2864 144
3258 37 2896 144
3259 37 2928 144
3260 37 2960 144
3261 37 2992 144
3262 37 3024 144
3263 37 3056 144
3264 40 3088 144
3265 41 3120 144
3266 100 3152 144
3267 101 3184 144
3268 100 3216 144
3269 101 3248 144
3270 40 3280 144
3271 41 3312 144
3272 102 3344 144
3273 103 3376 144
3274 100 3408 144
3275 101 3440 144
3276 40 3472 144
3277 41 3504 144
3278 37 3536 144
3279 37 3568 144
3280 40 3600 144
3281 41 3632 144
3282 37 3664 144
3283 37 3696 144
3284 40 3728 144
3285 41 3760 144
3286 100 3792 144
3287 101 3824 144
3288 100 3856 144
3289 101 3888 144
3290 100 3920 144
3291 101 3952 144
3292 40 3984 144
3293 41 4016 144
3294 84 4048 144
3295 14 4080 144
3296 37 4112 144
3297 37 4144 144
3298 37 4176 144
3299 37 4208 144
3300 37 4240 144
3301 37 4272 144
3302 37 4304 144
3303 37 4336 144
3304 37 4368 144
3305 37 4400 144
3306 37 4432 144
3307 37 4464 144
3308 37 4496 144
3309 37 4528 144
3310 37 4560 144
3311 37 4592 144
3312 37 4624 144
3313 37 4656 144
3314 37 4688 144
3315 37 4720 144
3316 37 4752 144
3317 37 4784 144
3318 37 4816 144
3319 37 4848 144
3320 37 4880 144
3321 37 4912 144
3322 37 4944 144
3323 37 4976 144
3324 37 5008 144
3325 37 5040 144
3326 37 5072 144
3327 37 5104 144
3328 37 5136 144
3329 37 5168 144
3330 37 5200 144
3331 37 5232 144
3332 37 5264 144
3333 37 5296 144
3334 37 5328 144
3335 37 5360 144
3336 37 5392 144
3337 37 5424 144
3338 37 5456 144
3339 37 5488 144
3340 37 5520 144
3341 37 5552 144
3342 37 5584 144
3343 37 5616 144
3344 37 16 112
3345 37 48 112
3346 37 80 112
3347 37 112 112
3348 37 144 112
3349 37 176 112
3350 37 208 112
3351 37 240 112
3352 37 272 112
3353 37 304 112
3354 37 336 112
3355 37 368 112
3356 37 400 112
3357 37 432 112
3358 37 464 112
3359 37 496 112
3360 37 528 112
3361 37 560 112
3362 37 592 112
3363 37 624 112
3364 37 656 112
3365 37 688 112
3366 37 720 112
3367 37 752 112
3368 37 784 112
3369 37 816 112
3370 37 848 112
3371 37 880 112
3372 37 912 112
3373 37 944 112
3374 37 976 112
3375 37 1008 112
3376 37 1040 112
3377 37 1072 112
3378 37 1104 112
3379 37 1136 112
3380 37 1168 112
3381 37 1200 112
3382 37 1232 112
3383 37 1264 112
3384 37 1296 112
3385 37 1328 112
3386 37 1360 112
3387 37 1392 112
3388 37 1424 112
3389 37 1456 112
3390 37 1488 112
3391 37 1520 112
3392 37 1552 112
3393 37 1584 112
3394 37 1616 112
3395 37 1648 112
3396 37 1680 112
3397 37 1712 112
3398 37 1744 112
3399 37 1776 112
3400 37 1808 112
3401 37 1840 112
3402 37 1872 112
3403 37 1904 112
3404 37 1936 112
3405 37 1968 112
3406 37 2000 112
3407 37 2032 112
3408 37 2064 112
3409 37 2096 112
3410 37 2128 112
3411 37 2160 112
3412 37 2192 112
3413 37 2224 112
3414 37 2256 112
3415 37 2288 112
3416 37 2320 112
3417 37 2352 112
3418 37 2384 112
3419 37 2416 112
3420 37 2448 112
3421 37 2480 112
3422 37 2512 112
3423 37 2544 112
3424 37 2576 112
3425 37 2608 112
3426 37 2640 112
3427 37 2672 112
3428 37 2704 112
3429 37 2736 112
3430 37 2768 112
3431 37 2800 112
3432 37 2832 112
3433 37 2864 112
3434 37 2896 112
3435 37 2928 112
3436 37 2960 112
3437 37 2992 112
3438 37 3024 112
3439 37 3056 112
3440 2 3088 112
3441 17 3120 112
3442 37 3152 112
3443 37 3184 112
3444 37 3216 112
3445 37 3248 112
3446 2 3280 112
3447 17 3312 112
3448 104 3344 112
3449 105 3376 112
3450 106 3408 112
3451 106 3440 112
3452 2 3472 112
3453 3 3504 112
3454 37 3536 112
3455 107 3568 112
3456 2 3600 112
3457 3 3632 112
3458 37 3664 112
3459 107 3696 112
3460 2 3728 112
3461 3 3760 112
3462 106 3792 112
3463 106 3824 112
3464 37 3856 112
3465 107 3888 112
3466 37 3920 112
3467 37 3952 112
3468 2 3984 112
3469 3 4016 112
3470 14 4048 112
3471 14 4080 112
3472 37 4112 112
3473 37 4144 112
3474 37 4176 112
3475 37 4208 112
3476 37 4240 112
3477 37 4272 112
3478 37 4304 112
3479 37 4336 112
3480 37 4368 112
3481 37 4400 112
3482 37 4432 112
3483 37 4464 112
3484 37 4496 112
3485 37 4528 112
3486 37 4560 112
3487 37 4592 112
3488 37 4624 112
3489 37 4656 112
3490 37 4688 112
3491 37 4720 112
3492 37 4752 112
3493 37 4784 112
3494 37 4816 112
3495 37 4848 112
3496 37 4880 112
3497 37 4912 112
3498 37 4944 112
3499 37 4976 112
3500 37 5008 112
3501 37 5040 112
3502 37 5072 112
3503 37 5104 112
3504 37 5136 112
3505 37 5168 112
3506 37 5200 112
3507 37 5232 112
3508 37 5264 112
3509 37 5296 112
3510 37 5328 112
3511 37 5360 112
3512 37 5392 112
3513 37 5424 112
3514 37 5456 112
3515 37 5488 112
3516 37 5520 112
3517 37 5552 112
3518 37 5584 112
3519 37 5616 112
3520 37 16 80
3521 37 48 80
3522 37 80 80
3523 37 112 80
3524 37 144 80
3525 37 176 80
3526 37 208 80
3527 37 240 80
3528 37 272 80
3529 37 304 80
3530 37 336 80
3531 37 368 80
3532 37 400 80
3533 37 432 80
3534 37 464 80
3535 37 496 80
3536 37 528 80
3537 37 560 80
3538 37 592 80
3539 37 624 80
3540 37 656 80
3541 37 688 80
3542 37 720 80
3543 37 752 80
3544 37 784 80
3545 37 816 80
3546 37 848 80
3547 37 880 80
3548 37 912 80
3549 37 944 80
3550 37 976 80
3551 37 1008 80
3552 37 1040 80
3553 37 1072 80
3554 37 1104 80
3555 37 1136 80
3556 37 1168 80
3557 37 1200 80
3558 37 1232 80
3559 37 1264 80
3560 37 1296 80
3561 37 1328 80
3562 37 1360 80
3563 37 1392 80
3564 37 1424 80
3565 37 1456 80
3566 37 1488 80
3567 37 1520 80
3568 37 1552 80
3569 37 1584 80
3570 37 1616 80
3571 37 1648 80
3572 37 1680 80
3573 37 1712 80
3574 37 1744 80
3575 37 1776 80
3576 37 1808 80
3577 37 1840 80
3578 37 1872 80
3579 37 1904 80
3580 37 1936 80
3581 37 1968 80
3582 37 2000 80
3583 37 2032 80
3584 37 2064 80
3585 37 2096 80
3586 37 2128 80
3587 37 2160 80
3588 37 2192 80
3589 37 2224 80
3590 37 2256 80
3591 37 2288 80
3592 37 2320 80
3593 37 2352 80
3594 37 2384 80
3595 37 2416 80
3596 37 2448 80
3597 37 2480 80
3598 37 2512 80
3599 37 2544 80
3600 37 2576 80
3601 37 2608 80
3602 37 2640 80
3603 37 2672 80
3604 37 2704 80
3605 37 2736 80
3606 37 2768 80
3607 37 2800 80
3608 37 2832 80
3609 37 2864 80
3610 37 2896 80
3611 37 2928 80
3612 37 2960 80
3613 37 2992 80
3614 37 3024 80
3615 37 3056 80
3616 16 3088 80
3617 17 3120 80
3618 37 3152 80
3619 37 3184 80
3620 37 3216 80
3621 37 3248 80
3622 16 3280 80
3623 17 3312 80
3624 37 3344 80
3625 37 3376 80
3626 106 3408 80
3627 106 3440 80
3628 2 3472 80
3629 3 3504 80
3630 108 3536 80
3631 109 3568 80
3632 2 3600 80
3633 3 3632 80
3634 108 3664 80
3635 109 3696 80
3636 2 3728 80
3637 3 3760 80
3638 106 3792 80
3639 106 3824 80
3640 108 3856 80
3641 109 3888 80
3642 37 3920 80
3643 37 3952 80
3644 2 3984 80
3645 3 4016 80
3646 100 4048 80
3647 101 4080 80
3648 37 4112 80
3649 37 4144 80
3650 37 4176 80
3651 37 4208 80
3652 37 4240 80
3653 37 4272 80
3654 37 4304 80
3655 37 4336 80
3656 37 4368 80
3657 37 4400 80
3658 37 4432 80
3659 37 4464 80
3660 37 4496 80
3661 37 4528 80
3662 37 4560 80
3663 37 4592 80
3664 37 4624 80
3665 37 4656 80
3666 37 4688 80
3667 37 4720 80
3668 37 4752 80
3669 37 4784 80
3670 37 4816 80
3671 37 4848 80
3672 37 4880 80
3673 37 4912 80
3674 37 4944 80
3675 37 4976 80
3676 37 5008 80
3677 37 5040 80
3678 37 5072 80
3679 37 5104 80
3680 37 5136 80
3681 37 5168 80
3682 37 5200 80
3683 37 5232 80
3684 37 5264 80
3685 37 5296 80
3686 37 5328 80
3687 37 5360 80
3688 37 5392 80
3689 37 5424 80
3690 37 5456 80
3691 37 5488 80
3692 37 5520 80
3693 37 5552 80
3694 37 5584 80
3695 37 5616 80
3696 37 16 48
3697 37 48 48
3698 37 80 48
3699 37 112 48
3700 37 144 48
3701 37 176 48
3702 37 208 48
3703 37 240 48
3704 37 272 48
3705 37 304 48
3706 37 336 48
3707 37 368 48
3708 37 400 48
3709 37 432 48
3710 37 464 48
3711 37 496 48
3712 37 528 48
3713 37 560 48
3714 37 592 48
3715 37 624 48
3716 37 656 48
3717 37 688 48
3718 37 720 48
3719 37 752 48
3720 37 784 48
3721 37 816 48
3722 37 848 48
3723 37 880 48
3724 37 912 48
3725 37 944 48
3726 37 976 48
3727 37 1008 48
3728 37 1040 48
3729 37 1072 48
3730 37 1104 48
3731 37 1136 48
3732 37 1168 48
3733 37 1200 48
3734 37 1232 48
3735 37 1264 48
3736 37 1296 48
3737 37 1328 48
3738 37 1360 48
3739 37 1392 48
3740 37 1424 48
3741 37 1456 48
3742 37 1488 48
3743 37 1520 48
3744 37 1552 48
3745 37 1584 48
3746 37 1616 48
3747 37 1648 48
3748 37 1680 48
3749 37 1712 48
3750 37 1744 48
3751 37 1776 48
3752 37 1808 48
3753 37 1840 48
3754 37 1872 48
3755 37 1904 48
3756 37 1936 48
3757 37 1968 48
3758 37 2000 48
3759 37 2032 48
3760 37 2064 48
3761 37 2096 48
3762 37 2128 48
3763 37 2160 48
3764 37 2192 48
3765 37 2224 48
3766 37 2256 48
3767 37 2288 48
3768 37 2320 48
3769 37 2352 48
3770 37 2384 48
3771 37 2416 48
3772 37 2448 48
3773 37 2480 48
3774 37 2512 48
3775 37 2544 48
3776 37 2576 48
3777 37 2608 48
3778 37 2640 48
3779 37 2672 48
3780 37 2704 48
3781 37 2736 48
3782 37 2768 48
3783 37 2800 48
3784 37 2832 48
3785 37 2864 48
3786 37 2896 48
3787 37 2928 48
3788 37 2960 48
3789 37 2992 48
3790 37 3024 48
3791 37 3056 48
3792 110 3088 48
3793 111 3120 48
3794 110 3152 48
3795 111 3184 48
3796 110 3216 48
3797 111 3248 48
3798 110 3280 48
3799 111 3312 48
3800 110 3344 48
3801 111 3376 48
3802 110 3408 48
3803 111 3440 48
3804 110 3472 48
3805 111 3504 48
3806 110 3536 48
3807 111 3568 48
3808 110 3600 48
3809 111 3632 48
3810 110 3664 48
3811 111 3696 48
3812 110 3728 48
3813 111 3760 48
3814 110 3792 48
3815 111 3824 48
3816 110 3856 48
3817 111 3888 48
3818 110 3920 48
3819 111 3952 48
3820 14 3984 48
3821 14 4016 48
3822 110 4048 48
3823 111 4080 48
3824 37 4112 48
3825 37 4144 48
3826 37 4176 48
3827 37 4208 48
3828 37 4240 48
3829 37 4272 48
3830 37 4304 48
3831 37 4336 48
3832 37 4368 48
3833 37 4400 48
3834 37 4432 48
3835 37 4464 48
3836 37 4496 48
3837 37 4528 48
3838 37 4560 48
3839 37 4592 48
3840 37 4624 48
3841 37 4656 48
3842 37 4688 48
3843 37 4720 48
3844 37 4752 48
3845 37 4784 48
3846 37 4816 48
3847 37 4848 48
3848 37 4880 48
3849 37 4912 48
3850 37 4944 48
3851 37 4976 48
3852 37 5008 48
3853 37 5040 48
3854 37 5072 48
3855 37 5104 48
3856 37 5136 48
3857 37 5168 48
3858 37 5200 48
3859 37 5232 48
3860 37 5264 48
3861 37 5296 48
3862 37 5328 48
3863 37 5360 48
3864 37 5392 48
3865 37 5424 48
3866 37 5456 48
3867 37 5488 48
3868 37 5520 48
3869 37 5552 48
3870 37 5584 48
3871 37 5616 48
3872 37 16 16
3873 37 48 16
3874 37 80 16
3875 37 112 16
3876 37 144 16
3877 37 176 16
3878 37 208 16
3879 37 240 16
3880 37 272 16
3881 37 304 16
3882 37 336 16
3883 37 368 16
3884 37 400 16
3885 37 432 16
3886 37 464 16
3887 37 496 16
3888 37 528 16
3889 37 560 16
3890 37 592 16
3891 37 624 16
3892 37 656 16
3893 37 688 16
3894 37 720 16
3895 37 752 16
3896 37 784 16
3897 37 816 16
3898 37 848 16
3899 37 880 16
3900 37 912 16
3901 37 944 16
3902 37 976 16
3903 37 1008 16
3904 37 1040 16
3905 37 1072 16
3906 37 1104 16
3907 37 1136 16
3908 37 1168 16
3909 37 1200 16
3910 37 1232 16
3911 37 1264 16
3912 37 1296 16
3913 37 1328 16
3914 37 1360 16
3915 37 1392 16
3916 37 1424 16
3917 37 1456 16
3918 37 1488 16
3919 37 1520 16
3920 37 1552 16
3921 37 1584 16
3922 37 1616 16
3923 37 1648 16
3924 37 1680 16
3925 37 1712 16
3926 37 1744 16
3927 37 1776 16
3928 37 1808 16
3929 37 1840 16
3930 37 1872 16
3931 37 1904 16
3932 37 1936 16
3933 37 1968 16
3934 37 2000 16
3935 37 2032 16
3936 37 2064 16
3937 37 2096 16
3938 37 2128 16
3939 37 2160 16
3940 37 2192 16
3941 37 2224 16
3942 37 2256 16
3943 37 2288 16
3944 37 2320 16
3945 37 2352 16
3946 37 2384 16
3947 37 2416 16
3948 37 2448 16
3949 37 2480 16
3950 37 2512 16
3951 37 2544 16
3952 37 2576 16
3953 37 2608 16
3954 37 2640 16
3955 37 2672 16
3956 37 2704 16
3957 37 2736 16
3958 37 2768 16
3959 37 2800 16
3960 37 2832 16
3961 37 2864 16
3962 37 2896 16
3963 37 2928 16
3964 37 2960 16
3965 37 2992 16
3966 37 3024 16
3967 37 3056 16
3968 112 3088 16
3969 113 3120 16
3970 112 3152 16
3971 113 3184 16
3972 112 3216 16
3973 113 3248 16
3974 112 3280 16
3975 113 3312 16
3976 112 3344 16
3977 113 3376 16
3978 112 3408 16
3979 113 3440 16
3980 112 3472 16
3981 113 3504 16
3982 112 3536 16
3983 113 3568 16
3984 112 3600 16
3985 113 3632 16
3986 112 3664 16
3987 113 3696 16
3988 112 3728 16
3989 113 3760 16
3990 112 3792 16
3991 113 3824 16
3992 112 3856 16
3993 113 3888 16
3994 112 3920 16
3995 113 3952 16
3996 40 3984 16
3997 41 4016 16
3998 112 4048 16
3999 113 4080 16
4000 37 4112 16
4001 37 4144 16
4002 37 4176 16
4003 37 4208 16
4004 37 4240 16
4005 37 4272 16
4006 37 4304 16
4007 37 4336 16
4008 37 4368 16
4009 37 4400 16
4010 37 4432 16
4011 37 4464 16
4012 37 4496 16
4013 37 4528 16
4014 37 4560 16
4015 37 4592 16
4016 37 4624 16
4017 37 4656 16
4018 37 4688 16
4019 37 4720 16
4020 37 4752 16
4021 37 4784 16
4022 37 4816 16
4023 37 4848 16
4024 37 4880 16
4025 37 4912 16
4026 37 4944 16
4027 37 4976 16
4028 37 5008 16
4029 37 5040 16
4030 37 5072 16
4031 37 5104 16
4032 37 5136 16
4033 37 5168 16
4034 37 5200 16
4035 37 5232 16
4036 37 5264 16
4037 37 5296 16
4038 37 5328 16
4039 37 5360 16
4040 37 5392 16
4041 37 5424 16
4042 37 5456 16
4043 37 5488 16
4044 37 5520 16
4045 37 5552 16
4046 37 5584 16
4047 37 5616 16
0 0 5632 5632
1 0 5632 2816
2 2816 5632 2816
3 0 2816 2816
25 0 2816 1408
26 1408 2816 1408
27 0 1408 1408
217 0 1408 704
1737 0 1408 352
1738 352 1408 352
1739 0 1056 352 0 1 2 3 4 5 6 7 8 9 10
1740 352 1056 352 11 12 13 14 15 16 17 18 19 20 21
218 704 1408 704
1745 704 1408 352
1746 1056 1408 352
1747 704 1056 352 22 23 24 25 26 27 28 29 30 31 32
1748 1056 1056 352 33 34 35 36 37 38 39 40 41 42 43
219 0 704 704
1753 0 704 352 176 177 178 179 180 181 182 183 184 185 186 352 353 354 355 356 357 358 359 360 361 362 528 529 530 531 532 533 534 535 536 537 538 704 705 706 707 708 709 710 711 712 713 714 880 881 882 883 884 885 886 887 888 889 890 1056 1057 1058 1059 1060 1061 1062 1063 1064 1065 1066 1232 1233 1234 1235 1236 1237 1238 1239 1240 1241 1242 1408 1409 1410 1411 1412 1413 1414 1415 1416 1417 1418 1584 1585 1586 1587 1588 1589 1590 1591 1592 1593 1594 1760 1761 1762 1763 1764 1765 1766 1767 1768 1769 1770 1936 1937 1938 1939 1940 1941 1942 1943 1944 1945 1946
1754 352 704 352 187 188 189 190 191 192 193 194 195 196 197 363 364 365 366 367 368 369 370 371 372 373 539 540 541 542 543 544 545 546 547 548 549 715 716 717 718 719 720 721 722 723 724 725 891 892 893 894 895 896 897 898 899 900 901 1067 1068 1069 1070 1071 1072 1073 1074 1075 1076 1077 1243 1244 1245 1246 1247 1248 1249 1250 1251 1252 1253 1419 1420 1421 1422 1423 1424 1425 1426 1427 1428 1429 1595 1596 1597 1598 1599 1600 1601 1602 1603 1604 1605 1771 1772 1773 1774 1775 1776 1777 1778 1779 1780 1781 1947 1948 1949 1950 1951 1952 1953 1954 1955 1956 1957
1755 0 352 352 2112 2113 2114 2115 2116 2117 2118 2119 2120 2121 2122 2288 2289 2290 2291 2292 2293 2294 2295 2296 2297 2298 2464 2465 2466 2467 2468 2469 2470 2471 2472 2473 2474 2640 2641 2642 2643 2644 2645 2646 2647 2648 2649 2650 2816 2817 2818 2819 2820 2821 2822 2823 2824 2825 2826 2992 2993 2994 2995 2996 2997 2998 2999 3000 3001 3002 3168 3169 3170 3171 3172 3173 3174 3175 3176 3177 3178 3344 3345 3346 3347 3348 3349 3350 3351 3352 3353 3354 3520 3521 3522 3523 3524 3525 3526 3527 3528 3529 3530 3696 3697 3698 3699 3700 3701 3702 3703 3704 3705 3706 3872 3873 3874 3875 3876 3877 3878 3879 3880 3881 3882
1756 352 352 352 2123 2124 2125 2126 2127 2128 2129 2130 2131 2132 2133 2299 2300 2301 2302 2303 2304 2305 2306 2307 2308 2309 2475 2476 2477 2478 2479 2480 2481 2482 2483 2484 2485 2651 2652 2653 2654 2655 2656 2657 2658 2659 2660 2661 2827 2828 2829 2830 2831 2832 2833 2834 2835 2836 2837 3003 3004 3005 3006 3007 3008 3009 3010 3011 3012 3013 3179 3180 3181 3182 3183 3184 3185 3186 3187 3188 3189 3355 3356 3357 3358 3359 3360 3361 3362 3363 3364 3365 3531 3532 3533 3534 3535 3536 3537 3538 3539 3540 3541 3707 3708 3709 3710 3711 3712 3713 3714 3715 3716 3717 3883 3884 3885 3886 3887 3888 3889 3890 3891 3892 3893
220 704 704 704
1761 704 704 352 198 199 200 201 202 203 204 205 206 207 208 374 375 376 377 378 379 380 381 382 383 384 550 551 552 553 554 555 556 557 558 559 560 726 727 728 729 730 731 732 733 734 735 736 902 903 904 905 906 907 908 909 910 911 912 1078 1079 1080 1081 1082 1083 1084 1085 1086 1087 1088 1254 1255 1256 1257 1258 1259 1260 1261 1262 1263 1264 1430 1431 1432 1433 1434 1435 1436 1437 1438 1439 1440 1606 1607 1608 1609 1610 1611 1612 1613 1614 1615 1616 1782 1783 1784 1785 1786 1787 1788 1789 1790 1791 1792 1958 1959 1960 1961 1962 1963 1964 1965 1966 1967 1968
1762 1056 704 352 209 210 211 212 213 214 215 216 217 218 219 385 386 387 388 389 390 391 392 393 394 395 561 562 563 564 565 566 567 568 569 570 571 737 738 739 740 741 742 743 744 745 746 747 913 914 915 916 917 918 919 920 921 922 923 1089 1090 1091 1092 1093 1094 1095 1096 1097 1098 1099 1265 1266 1267 1268 1269 1270 1271 1272 1273 1274 1275 1441 1442 1443 1444 1445 1446 1447 1448 1449 1450 1451 1617 1618 1619 1620 1621 1622 1623 1624 1625 1626 1627 1793 1794 1795 1796 1797 1798 1799 1800 1801 1802 1803 1969 1970 1971 1972 1973 1974 1975 1976 1977 1978 1979
1763 704 352 352 2134 2135 2136 2137 2138 2139 2140 2141 2142 2143 2144 2310 2311 2312 2313 2314 2315 2316 2317 2318 2319 2320 2486 2487 2488 2489 2490 2491 2492 2493 2494 2495 2496 2662 2663 2664 2665 2666 2667 2668 2669 2670 2671 2672 2838 2839 2840 2841 2842 2843 2844 2845 2846 2847 2848 3014 3015 3016 3017 3018 3019 3020 3021 3022 3023 3024 3190 3191 3192 3193 3194 3195 3196 3197 3198 3199 3200 3366 3367 3368 3369 3370 3371 3372 3373 3374 3375 3376 3542 3543 3544 3545 3546 3547 3548 3549 3550 3551 3552 3718 3719 3720 3721 3722 3723 3724 3725 3726 3727 3728 3894 3895 3896 3897 3898 3899 3900 3901 3902 3903 3904
1764 1056 352 352 2145 2146 2147 2148 2149 2150 2151 2152 2153 2154 2155 2321 2322 2323 2324 2325 2326 2327 2328 2329 2330 2331 2497 2498 2499 2500 2501 2502 2503 2504 2505 2506 2507 2673 2674 2675 2676 2677 2678 2679 2680 2681 2682 2683 2849 2850 2851 2852 2853 2854 2855 2856 2857 2858 2859 3025 3026 3027 3028 3029 3030 3031 3032 3033 3034 3035 3201 3202 3203 3204 3205 3206 3207 3208 3209 3210 3211 3377 3378 3379 3380 3381 3382 3383 3384 3385 3386 3387 3553 3554 3555 3556 3557 3558 3559 3560 3561 3562 3563 3729 3730 3731 3732 3733 3734 3735 3736 3737 3738 3739 3905 3906 3907 3908 3909 3910 3911 3912 3913 3914 3915
28 1408 1408 1408
225 1408 1408 704
1801 1408 1408 352
1802 1760 1408 352
1803 1408 1056 352 44 45 46 47 48 49 50 51 52 53 54
1804 1760 1056 352 55 56 57 58 59 60 61 62 63 64 65
226 2112 1408 704
1809 2112 1408 352
1810 2464 1408 352
1811 2112 1056 352 66 67 68 69 70 71 72 73 74 75 76
1812 2464 1056 352 77 78 79 80 81 82 83 84 85 86 87
227 1408 704 704
1817 1408 704 352 220 221 222 223 224 225 226 227 228 229 230 396 397 398 399 400 401 402 403 404 405 406 572 573 574 575 576 577 578 579 580 581 582 748 749 750 751 752 753 754 755 756 757 758 924 925 926 927 928 929 930 931 932 933 934 1100 1101 1102 1103 1104 1105 1106 1107 1108 1109 1110 1276 1277 1278 1279 1280 1281 1282 1283 1284 1285 1286 1452 1453 1454 1455 1456 1457 1458 1459 1460 1461 1462 1628 1629 1630 1631 1632 1633 1634 1635 1636 1637 1638 1804 1805 1806 1807 1808 1809 1810 1811 1812 1813 1814 1980 1981 1982 1983 1984 1985 1986 1987 1988 1989 1990
1818 1760 704 352 231 232 233 234 235 236 237 238 239 240 241 407 408 409 410 411 412 413 414 415 416 417 583 584 585 586 587 588 589 590 591 592 593 759 760 761 762 763 764 765 766 767 768 769 935 936 937 938 939 940 941 942 943 944 945 1111 1112 1113 1114 1115 1116 1117 1118 1119 1120 1121 1287 1288 1289 1290 1291 1292 1293 1294 1295 1296 1297 1463 1464 1465 1466 1467 1468 1469 1470 1471 1472 1473 1639 1640 1641 1642 1643 1644 1645 1646 1647 1648 1649 1815 1816 1817 1818 1819 1820 1821 1822 1823 1824 1825 1991 1992 1993 1994 1995 1996 1997 1998 1999 2000 2001
1819 1408 352 352 2156 2157 2158 2159 2160 2161 2162 2163 2164 2165 2166 2332 2333 2334 2335 2336 2337 2338 2339 2340 2341 2342 2508 2509 2510 2511 2512 2513 2514 2515 2516 2517 2518 2684 2685 2686 2687 2688 2689 2690 2691 2692 2693 2694 2860 2861 2862 2863 2864 2865 2866 2867 2868 2869 2870 3036 3037 3038 3039 3040 3041 3042 3043 3044 3045 3046 3212 3213 3214 3215 3216 3217 3218 3219 3220 3221 3222 3388 3389 3390 3391 3392 3393 3394 3395 3396 3397 3398 3564 3565 3566 3567 3568 3569 3570 3571 3572 3573 3574 3740 3741 3742 3743 3744 3745 3746 3747 3748 3749 3750 3916 3917 3918 3919 3920 3921 3922 3923 3924 3925 3926
1820 1760 352 352 2167 2168 2169 2170 2171 2172 2173 2174 2175 2176 2177 2343 2344 2345 2346 2347 2348 2349 2350 2351 2352 2353 2519 2520 2521 2522 2523 2524 2525 2526 2527 2528 2529 2695 2696 2697 2698 2699 2700 2701 2702 2703 2704 2705 2871 2872 2873 2874 2875 2876 2877 2878 2879 2880 2881 3047 3048 3049 3050 3051 3052 3053 3054 3055 3056 3057 3223 3224 3225 3226 3227 3228 3229 3230 3231 3232 3233 3399 3400 3401 3402 3403 3404 3405 3406 3407 3408 3409 3575 3576 3577 3578 3579 3580 3581 3582 3583 3584 3585 3751 3752 3753 3754 3755 3756 3757 3758 3759 3760 3761 3927 3928 3929 3930 3931 3932 3933 3934 3935 3936 3937
228 2112 704 704
1825 2112 704 352 242 243 244 245 246 247 248 249 250 251 252 418 419 420 421 422 423 424 425 426 427 428 594 595 596 597 598 599 600 601 602 603 604 770 771 772 773 774 775 776 777 778 779 780 946 947 948 949 950 951 952 953 954 955 956 1122 1123 1124 1125 1126 1127 1128 1129 1130 1131 1132 1298 1299 1300 1301 1302 1303 1304 1305 1306 1307 1308 1474 1475 1476 1477 1478 1479 1480 1481 1482 1483 1484 1650 1651 1652 1653 1654 1655 1656 1657 1658 1659 1660 1826 1827 1828 1829 1830 1831 1832 1833 1834 1835 1836 2002 2003 2004 2005 2006 2007 2008 2009 2010 2011 2012
1826 2464 704 352 253 254 255 256 257 258 259 260 261 262 263 429 430 431 432 433 434 435 436 437 438 439 605 606 607 608 609 610 611 612 613 614 615 781 782 783 784 785 786 787 788 789 790 791 957 958 959 960 961 962 963 964 965 966 967 1133 1134 1135 1136 1137 1138 1139 1140 1141 1142 1143 1309 1310 1311 1312 1313 1314 1315 1316 1317 1318 1319 1485 1486 1487 1488 1489 1490 1491 1492 1493 1494 1495 1661 1662 1663 1664 1665 1666 1667 1668 1669 1670 1671 1837 1838 1839 1840 1841 1842 1843 1844 1845 1846 1847 2013 2014 2015 2016 2017 2018 2019 2020 2021 2022 2023
1827 2112 352 352 2178 2179 2180 2181 2182 2183 2184 2185 2186 2187 2188 2354 2355 2356 2357 2358 2359 2360 2361 2362 2363 2364 2530 2531 2532 2533 2534 2535 2536 2537 2538 2539 2540 2706 2707 2708 2709 2710 2711 2712 2713 2714 2715 2716 2882 2883 2884 2885 2886 2887 2888 2889 2890 2891 2892 3058 3059 3060 3061 3062 3063 3064 3065 3066 3067 3068 3234 3235 3236 3237 3238 3239 3240 3241 3242 3243 3244 3410 3411 3412 3413 3414 3415 3416 3417 3418 3419 3420 3586 3587 3588 3589 3590 3591 3592 3593 3594 3595 3596 3762 3763 3764 3765 3766 3767 3768 3769 3770 3771 3772 3938 3939 3940 3941 3942 3943 3944 3945 3946 3947 3948
1828 2464 352 352 2189 2190 2191 2192 2193 2194 2195 2196 2197 2198 2199 2365 2366 2367 2368 2369 2370 2371 2372 2373 2374 2375 2541 2542 2543 2544 2545 2546 2547 2548 2549 2550 2551 2717 2718 2719 2720 2721 2722 2723 2724 2725 2726 2727 2893 2894 2895 2896 2897 2898 2899 2900 2901 2902 2903 3069 3070 3071 3072 3073 3074 3075 3076 3077 3078 3079 3245 3246 3247 3248 3249 3250 3251 3252 3253 3254 3255 3421 3422 3423 3424 3425 3426 3427 3428 3429 3430 3431 3597 3598 3599 3600 3601 3602 3603 3604 3605 3606 3607 3773 3774 3775 3776 3777 3778 3779 3780 3781 3782 3783 3949 3950 3951 3952 3953 3954 3955 3956 3957 3958 3959
4 2816 2816 2816
33 2816 2816 1408
34 4224 2816 1408
35 2816 1408 1408
281 2816 1408 704
2249 2816 1408 352
2250 3168 1408 352
2251 2816 1056 352 88 89 90 91 92 93 94 95 96 97 98
2252 3168 1056 352 99 100 101 102 103 104 105 106 107 108 109
282 3520 1408 704
2257 3520 1408 352
2258 3872 1408 352
2259 3520 1056 352 110 111 112 113 114 115 116 117 118 119 120
2260 3872 1056 352 121 122 123 124 125 126 127 128 129 130 131
283 2816 704 704
2265 2816 704 352 264 265 266 267 268 269 270 271 272 273 274 440 441 442 443 444 445 446 447 448 449 450 616 617 618 619 620 621 622 623 624 625 626 792 793 794 795 796 797 798 799 800 801 802 968 969 970 971 972 973 974 975 976 977 978 1144 1145 1146 1147 1148 1149 1150 1151 1152 1153 1154 1320 1321 1322 1323 1324 1325 1326 1327 1328 1329 1330 1496 1497 1498 1499 1500 1501 1502 1503 1504 1505 1506 1672 1673 1674 1675 1676 1677 1678 1679 1680 1681 1682 1848 1849 1850 1851 1852 1853 1854 1855 1856 1857 1858 2024 2025 2026 2027 2028 2029 2030 2031 2032 2033 2034
2266 3168 704 352 275 276 277 278 279 280 281 282 283 284 285 451 452 453 454 455 456 457 458 459 460 461 627 628 629 630 631 632 633 634 635 636 637 803 804 805 806 807 808 809 810 811 812 813 979 980 981 982 983 984 985 986 987 988 989 1155 1156 1157 1158 1159 1160 1161 1162 1163 1164 1165 1331 1332 1333 1334 1335 1336 1337 1338 1339 1340 1341 1507 1508 1509 1510 1511 1512 1513 1514 1515 1516 1517 1683 1684 1685 1686 1687 1688 1689 1690 1691 1692 1693 1859 1860 1861 1862 1863 1864 1865 1866 1867 1868 1869 2035 2036 2037 2038 2039 2040 2041 2042 2043 2044 2045
2267 2816 352 352 2200 2201 2202 2203 2204 2205 2206 2207 2208 2209 2210 2376 2377 2378 2379 2380 2381 2382 2383 2384 2385 2386 2552 2553 2554 2555 2556 2557 2558 2559 2560 2561 2562 2728 2729 2730 2731 2732 2733 2734 2735 2736 2737 2738 2904 2905 2906 2907 2908 2909 2910 2911 2912 2913 2914 3080 3081 3082 3083 3084 3085 3086 3087 3088 3089 3090 3256 3257 3258 3259 3260 3261 3262 3263 3264 3265 3266 3432 3433 3434 3435 3436 3437 3438 3439 3440 3441 3442 3608 3609 3610 3611 3612 3613 3614 3615 3616 3617 3618 3784 3785 3786 3787 3788 3789 3790 3791 3792 3793 3794 3960 3961 3962 3963 3964 3965 3966 3967 3968 3969 3970
2268 3168 352 352 2211 2212 2213 2214 2215 2216 2217 2218 2219 2220 2221 2387 2388 2389 2390 2391 2392 2393 2394 2395 2396 2397 2563 2564 2565 2566 2567 2568 2569 2570 2571 2572 2573 2739 2740 2741 2742 2743 2744 2745 2746 2747 2748 2749 2915 2916 2917 2918 2919 2920 2921 2922 2923 2924 2925 3091 3092 3093 3094 3095 3096 3097 3098 3099 3100 3101 3267 3268 3269 3270 3271 3272 3273 3274 3275 3276 3277 3443 3444 3445 3446 3447 3448 3449 3450 3451 3452 3453 3619 3620 3621 3622 3623 3624 3625 3626 3627 3628 3629 3795 3796 3797 3798 3799 3800 3801 3802 3803 3804 3805 3971 3972 3973 3974 3975 3976 3977 3978 3979 3980 3981
284 3520 704 704
2273 3520 704 352 286 287 288 289 290 291 292 293 294 295 296 462 463 464 465 466 467 468 469 470 471 472 638 639 640 641 642 643 644 645 646 647 648 814 815 816 817 818 819 820 821 822 823 824 990 991 992 993 994 995 996 997 998 999 1000 1166 1167 1168 1169 1170 1171 1172 1173 1174 1175 1176 1342 1343 1344 1345 1346 1347 1348 1349 1350 1351 1352 1518 1519 1520 1521 1522 1523 1524 1525 1526 1527 1528 1694 1695 1696 1697 1698 1699 1700 1701 1702 1703 1704 1870 1871 1872 1873 1874 1875 1876 1877 1878 1879 1880 2046 2047 2048 2049 2050 2051 2052 2053 2054 2055 2056
2274 3872 704 352 297 298 299 300 301 302 303 304 305 306 307 473 474 475 476 477 478 479 480 481 482 483 649 650 651 652 653 654 655 656 657 658 659 825 826 827 828 829 830 831 832 833 834 835 1001 1002 1003 1004 1005 1006 1007 1008 1009 1010 1011 1177 1178 1179 1180 1181 1182 1183 1184 1185 1186 1187 1353 1354 1355 1356 1357 1358 1359 1360 1361 1362 1363 1529 1530 1531 1532 1533 1534 1535 1536 1537 1538 1539 1705 1706 1707 1708 1709 1710 1711 1712 1713 1714 1715 1881 1882 1883 1884 1885 1886 1887 1888 1889 1890 1891 2057 2058 2059 2060 2061 2062 2063 2064 2065 2066 2067
2275 3520 352 352 2222 2223 2224 2225 2226 2227 2228 2229 2230 2231 2232 2398 2399 2400 2401 2402 2403 2404 2405 2406 2407 2408 2574 2575 2576 2577 2578 2579 2580 2581 2582 2583 2584 2750 2751 2752 2753 2754 2755 2756 2757 2758 2759 2760 2926 2927 2928 2929 2930 2931 2932 2933 2934 2935 2936 3102 3103 3104 3105 3106 3107 3108 3109 3110 3111 3112 3278 3279 3280 3281 3282 3283 3284 3285 3286 3287 3288 3454 3455 3456 3457 3458 3459 3460 3461 3462 3463 3464 3630 3631 3632 3633 3634 3635 3636 3637 3638 3639 3640 3806 3807 3808 3809 3810 3811 3812 3813 3814 3815 3816 3982 3983 3984 3985 3986 3987 3988 3989 3990 3991 3992
2276 3872 352 352 2233 2234 2235 2236 2237 2238 2239 2240 2241 2242 2243 2409 2410 2411 2412 2413 2414 2415 2416 2417 2418 2419 2585 2586 2587 2588 2589 2590 2591 2592 2593 2594 2595 2761 2762 2763 2764 2765 2766 2767 2768 2769 2770 2771 2937 2938 2939 2940 2941 2942 2943 2944 2945 2946 2947 3113 3114 3115 3116 3117 3118 3119 3120 3121 3122 3123 3289 3290 3291 3292 3293 3294 3295 3296 3297 3298 3299 3465 3466 3467 3468 3469 3470 3471 3472 3473 3474 3475 3641 3642 3643 3644 3645 3646 3647 3648 3649 3650 3651 3817 3818 3819 3820 3821 3822 3823 3824 3825 3826 3827 3993 3994 3995 3996 3997 3998 3999 4000 4001 4002 4003
36 4224 1408 1408
289 4224 1408 704
2313 4224 1408 352
2314 4576 1408 352
2315 4224 1056 352 132 133 134 135 136 137 138 139 140 141 142
2316 4576 1056 352 143 144 145 146 147 148 149 150 151 152 153
290 4928 1408 704
2321 4928 1408 352
2322 5280 1408 352
2323 4928 1056 352 154 155 156 157 158 159 160 161 162 163 164
2324 5280 1056 352 165 166 167 168 169 170 171 172 173 174 175
291 4224 704 704
2329 4224 704 352 308 309 310 311 312 313 314 315 316 317 318 484 485 486 487 488 489 490 491 492 493 494 660 661 662 663 664 665 666 667 668 669 670 836 837 838 839 840 841 842 843 844 845 846 1012 1013 1014 1015 1016 1017 1018 1019 1020 1021 1022 1188 1189 1190 1191 1192 1193 1194 1195 1196 1197 1198 1364 1365 1366 1367 1368 1369 1370 1371 1372 1373 1374 1540 1541 1542 1543 1544 1545 1546 1547 1548 1549 1550 1716 1717 1718 1719 1720 1721 1722 1723 1724 1725 1726 1892 1893 1894 1895 1896 1897 1898 1899 1900 1901 1902 2068 2069 2070 2071 2072 2073 2074 2075 2076 2077 2078
2330 4576 704 352 319 320 321 322 323 324 325 326 327 328 329 495 496 497 498 499 500 501 502 503 504 505 671 672 673 674 675 676 677 678 679 680 681 847 848 849 850 851 852 853 854 855 856 857 1023 1024 1025 1026 1027 1028 1029 1030 1031 1032 1033 1199 1200 1201 1202 1203 1204 1205 1206 1207 1208 1209 1375 1376 1377 1378 1379 1380 1381 1382 1383 1384 1385 1551 1552 1553 1554 1555 1556 1557 1558 1559 1560 1561 1727 1728 1729 1730 1731 1732 1733 1734 1735 1736 1737 1903 1904 1905 1906 1907 1908 1909 1910 1911 1912 1913 2079 2080 2081 2082 2083 2084 2085 2086 2087 2088 2089
2331 4224 352 352 2244 2245 2246 2247 2248 2249 2250 2251 2252 2253 2254 2420 2421 2422 2423 2424 2425 2426 2427 2428 2429 2430 2596 2597 2598 2599 2600 2601 2602 2603 2604 2605 2606 2772 2773 2774 2775 2776 2777 2778 2779 2780 2781 2782 2948 2949 2950 2951 2952 2953 2954 2955 2956 2957 2958 3124 3125 3126 3127 3128 3129 3130 3131 3132 3133 3134 3300 3301 3302 3303 3304 3305 3306 3307 3308 3309 3310 3476 3477 3478 3479 3480 3481 3482 3483 3484 3485 3486 3652 3653 3654 3655 3656 3657 3658 3659 3660 3661 3662 3828 3829 3830 3831 3832 3833 3834 3835 3836 3837 3838 4004 4005 4006 4007 4008 4009 4010 4011 4012 4013 4014
2332 4576 352 352 2255 2256 2257 2258 2259 2260 2261 2262 2263 2264 2265 2431 2432 2433 2434 2435 2436 2437 2438 2439 2440 2441 2607 2608 2609 2610 2611 2612 2613 2614 2615 2616 2617 2783 2784 2785 2786 2787 2788 2789 2790 2791 2792 2793 2959 2960 2961 2962 2963 2964 2965 2966 2967 2968 2969 3135 3136 3137 3138 3139 3140 3141 3142 3143 3144 3145 3311 3312 3313 3314 3315 3316 3317 3318 3319 3320 3321 3487 3488 3489 3490 3491 3492 3493 3494 3495 3496 3497 3663 3664 3665 3666 3667 3668 3669 3670 3671 3672 3673 3839 3840 3841 3842 3843 3844 3845 3846 3847 3848 3849 4015 4016 4017 4018 4019 4020 4021 4022 4023 4024 4025
292 4928 704 704
2337 4928 704 352 330 331 332 333 334 335 336 337 338 339 340 506 507 508 509 510 511 512 513 514 515 516 682 683 684 685 686 687 688 689 690 691 692 858 859 860 861 862 863 864 865 866 867 868 1034 1035 1036 1037 1038 1039 1040 1041 1042 1043 1044 1210 1211 1212 1213 1214 1215 1216 1217 1218 1219 1220 1386 1387 1388 1389 1390 1391 1392 1393 1394 1395 1396 1562 1563 1564 1565 1566 1567 1568 1569 1570 1571 1572 1738 1739 1740 1741 1742 1743 1744 1745 1746 1747 1748 1914 1915 1916 1917 1918 1919 1920 1921 1922 1923 1924 2090 2091 2092 2093 2094 2095 2096 2097 2098 2099 2100
2338 5280 704 352 341 342 343 344 345 346 347 348 349 350 351 517 518 519 520 521 522 523 524 525 526 527 693 694 695 696 697 698 699 700 701 702 703 869 870 871 872 873 874 875 876 877 878 879 1045 1046 1047 1048 1049 1050 1051 1052 1053 1054 1055 1221 1222 1223 1224 1225 1226 1227 1228 1229 1230 1231 1397 1398 1399 1400 1401 1402 1403 1404 1405 1406 1407 1573 1574 1575 1576 1577 1578 1579 1580 1581 1582 1583 1749 1750 1751 1752 1753 1754 1755 1756 1757 1758 1759 1925 1926 1927 1928 1929 1930 1931 1932 1933 1934 1935 2101 2102 2103 2104 2105 2106 2107 2108 2109 2110 2111
2339 4928 352 352 2266 2267 2268 2269 2270 2271 2272 2273 2274 2275 2276 2442 2443 2444 2445 2446 2447 2448 2449 2450 2451 2452 2618 2619 2620 2621 2622 2623 2624 2625 2626 2627 2628 2794 2795 2796 2797 2798 2799 2800 2801 2802 2803 2804 2970 2971 2972 2973 2974 2975 2976 2977 2978 2979 2980 3146 3147 3148 3149 3150 3151 3152 3153 3154 3155 3156 3322 3323 3324 3325 3326 3327 3328 3329 3330 3331 3332 3498 3499 3500 3501 3502 3503 3504 3505 3506 3507 3508 3674 3675 3676 3677 3678 3679 3680 3681 3682 3683 3684 3850 3851 3852 3853 3854 3855 3856 3857 3858 3859 3860 4026 4027 4028 4029 4030 4031 4032 4033 4034 4035 4036
2340 5280 352 352 2277 2278 2279 2280 2281 2282 2283 2284 2285 2286 2287 2453 2454 2455 2456 2457 2458 2459 2460 2461 2462 2463 2629 2630 2631 2632 2633 2634 2635 2636 2637 2638 2639 2805 2806 2807 2808 2809 2810 2811 2812 2813 2814 2815 2981 2982 2983 2984 2985 2986 2987 2988 2989 2990 2991 3157 3158 3159 3160 3161 3162 3163 3164 3165 3166 3167 3333 3334 3335 3336 3337 3338 3339 3340 3341 3342 3343 3509 3510 3511 3512 3513 3514 3515 3516 3517 3518 3519 3685 3686 3687 3688 3689 3690 3691 3692 3693 3694 3695 3861 3862 3863 3864 3865 3866 3867 3868 3869 3870 3871 4037 4038 4039 4040 4041 4042 4043 4044 4045 4046 4047
