42 4096 1632
0 4 1744 880 32 32
1 24 1680 816 32 32
2 0 1760 848 64 32
3 0 1888 848 64 32
4 0 2048 880 128 32
5 0 2240 880 128 32
6 0 1856 1008 384 32
7 0 2272 1008 64 32
8 0 2592 1008 192 32
9 0 2720 880 704 32
10 0 2720 944 64 32
11 0 2944 1008 256 32
12 0 2784 1072 64 32
13 0 3040 976 64 352
14 0 1536 880 256 160
15 0 1536 1104 128 96
16 26 1552 816 32 32
17 25 1542 1008 44 96
18 21 1584 976 32 32
19 13 2576 1056 32 64
20 13 1808 1056 32 64
21 16 2128 1016 64 16
22 16 2384 1016 64 16
23 13 2912 1056 32 64
24 12 2592 944 32 32
25 6 2952 944 16 32
26 6 2840 944 16 32
27 6 2568 944 16 32
28 6 2456 944 16 32
29 6 1944 944 16 32
30 6 1816 944 16 32
31 6 1864 1104 16 32
32 6 1736 1104 16 32
33 6 1992 1104 16 32
34 6 2264 1104 16 32
35 6 2376 1104 16 32
36 6 2504 1104 16 32
37 6 2632 1104 16 32
38 6 2888 1104 16 32
39 12 2320 944 32 32
40 12 2976 944 32 32
41 27 3056 816 32 32
0 0 0 4096
1 0 0 2048
9 0 0 1024
10 1024 0 2048 0 1 2 3 4 6 14 15 16 17 18 20 29 30 31 32 33
11 0 1024 1024
12 1024 1024 2048
2 2048 0 4096
17 2048 0 3072 4 5 7 8 9 10 11 12 13 19 21 22 23 24 25 26 27 28 34 35 36 37 38 39 40 41
18 3072 0 4096
19 2048 1024 3072
20 3072 1024 4096
3 0 2048 2048
4 2048 2048 4096
