27 4096 1632
0 0 2656 624 960 32
1 0 3056 528 96 224
2 0 3088 752 32 32
3 0 3088 656 32 32
4 0 3088 688 32 32
5 0 3088 720 32 32
6 0 2144 688 64 32
7 0 1824 624 576 32
8 0 1568 592 64 352
9 0 1600 688 128 32
10 2 1648 720 32 32
11 23 1680 752 32 32
12 6 2952 720 16 32
13 6 2824 720 16 32
14 6 2696 720 16 32
15 6 2568 720 16 32
16 6 2440 720 16 32
17 6 2184 720 16 32
18 6 2056 720 16 32
19 6 1800 720 16 32
20 6 1928 720 16 32
21 27 3104 432 32 32
22 26 1536 432 32 32
23 12 1814 672 32 32
24 12 2294 665 32 32
25 12 2555 662 32 32
26 12 2728 662 32 32
0 0 0 4096
1 0 0 2048
9 0 0 1024
10 1024 0 2048 7 8 9 10 11 19 20 23
11 0 1024 1024
12 1024 1024 2048 8 22
2 2048 0 4096
17 2048 0 3072 0 1 6 7 12 13 14 15 16 17 18 24 25 26
18 3072 0 4096 0 1 2 3 4 5
19 2048 1024 3072 1
20 3072 1024 4096 1 21
3 0 2048 2048
4 2048 2048 4096
